Ticker,AAF.L,AAL.L,ABDN.L,ABF.L,ADM.L,ALW.L,ANTO.L,AUTO.L,AV.L,AZN.L,BA.L,BAB.L,BARC.L,BATS.L,BBOX.L,BEZ.L,BGEO.L,BKG.L,BLND.L,BNZL.L,BP.L,BRBY.L,BT-A.L,BTRW.L,CCEP.L,CCH.L,CNA.L,CPG.L,CRDA.L,CTEC.L,DCC.L,DGE.L,DPLM.L,EDV.L,ENT.L,EXPN.L,FCIT.L,FRES.L,GAW.L,GLEN.L,GSK.L,HLMA.L,HSBA.L,HSX.L,HWDN.L,IAG.L,ICG.L,IGG.L,IHG.L,III.L,IMB.L,IMI.L,INF.L,ITRK.L,JD.L,KGF.L,LAND.L,LGEN.L,LLOY.L,LMP.L,LSEG.L,MKS.L,MNDI.L,MNG.L,MRO.L,NG.L,NWG.L,NXT.L,PCT.L,PRU.L,PSH.L,PSN.L,PSON.L,REL.L,RIO.L,RKT.L,RMV.L,RR.L,RTO.L,SBRY.L,SDR.L,SGE.L,SGRO.L,SHEL.L,SMIN.L,SMT.L,SN.L,SPX.L,SSE.L,STAN.L,STJ.L,SVT.L,TSCO.L,ULVR.L,UU.L,VOD.L,WEIR.L,WTB.L
AAF.L,1.9073486328125e-06,35.215205575468886,45.95592217874914,38.61821409506793,37.89496563132288,29.39556090190037,29.901960165959977,32.002526930821,20.35437330712762,23.649960113586204,26.415701156971004,21.585460780248,17.590399839362863,30.391354661413935,37.441381061677085,19.196188286332262,60.56876205694771,39.95253482975039,40.161239268882724,34.24879148131816,23.736739077932203,42.55490107305825,30.873969757307407,44.19674508949543,23.577716546773203,31.18098273104936,33.03307652852532,21.501565147000584,44.54277363826415,32.60765806956022,37.15104819009337,38.8095523147093,19.049901827677026,46.42492122999061,44.16082933893148,32.54796244107687,28.14317214739224,40.08857882977361,35.168310940263645,27.148055480713296,32.66453183079703,33.837648117542635,14.671272443368911,32.242384478103695,33.0046219239608,23.205322515076972,34.72569302585964,35.03339680839249,23.120170034485824,28.98909406876171,22.50653182203872,23.075606577910786,26.4216674661763,41.65493223170755,43.8091279840276,36.39078555831213,37.10985139589524,37.21548895157122,15.92737051966151,39.694830797888834,37.20805076049697,24.516037166394668,44.14949021315951,32.14276784770014,33.53391411905479,30.614502936342593,14.534642752617296,26.480760383971806,28.11068549475555,43.80326392268865,25.951881395839706,49.02846907435016,26.686766710532826,23.205235909969765,38.90944386327792,40.76279091087709,37.02533786041751,112.67298586213614,39.974917271979415,30.058867194771153,43.64804662408201,23.141251678815106,40.23302075588394,20.241748924449052,29.87694035777831,42.41468554474536,43.064766698403844,42.6211963123907,31.67837374502052,14.717113947687567,37.239422161638885,31.859319712662995,32.85961780350422,37.157710322314394,30.74425221015003,43.636822698883485,35.24088748339721,36.81983984090935
AAL.L,35.215205575468886,0.0,14.28426135987449,10.935342366922123,10.209176628214655,11.798870365800367,12.437987483700967,11.606487553480356,18.867699006452636,17.455324425979548,52.06707429061974,47.5924792257616,26.053260971920277,8.050993934843328,6.4075009569621795,30.98160006787297,91.2094424487081,9.708655260067646,7.574082971015682,10.184283770257144,25.36782103542689,11.178096763933869,8.305086541440305,12.03666252403227,19.905232150520494,13.548497406325165,58.72492412262783,24.675206351152603,11.36537501639584,9.921695266935973,7.31999601023807,7.5530516594496335,26.2261557821053,17.50064560494041,11.236405202266436,10.679438423307644,11.961411058998534,18.554148783053154,13.591104803250822,24.16328201238482,7.426066286394297,9.121962233743108,30.05623708550704,10.51530495509955,9.994333309162027,24.59314361599307,11.13466804670742,9.580023413922257,24.79113020766206,48.79008780798925,18.267126111957623,17.96759556045027,16.641608131404645,10.724907024124937,11.500520737667703,7.206469942565276,6.028929383159698,6.637920931309378,24.24772418925394,7.83177000146646,11.49961671083107,39.416753379132956,10.978768772627603,8.277137388852745,16.1611043197353,8.273802589943001,37.66930911548862,16.634085613706848,15.462549949101998,11.84718276271435,15.949155286282839,16.460770538800798,17.83950938438674,25.637338647109637,7.462944254022585,9.611940360144622,8.7940672450929,142.70362349186453,8.781813961748279,10.528255244576101,10.995840207660988,26.817237448935405,8.00403710022515,30.412903257843773,10.910907138454911,12.35118898748299,11.920647423192625,9.91158575363038,8.575378013961021,33.98967298271876,7.971149777301134,7.03746796251353,12.015507072615476,9.299173249153418,8.268975571080384,10.98752924499653,10.95445110484317,9.03907527540171
ABDN.L,45.95592217874914,14.28426135987449,0.0,11.004325158372044,9.969268500760364,20.335952621718402,19.06897210457199,18.48256122625962,29.223349470784537,28.329250746065128,61.7005530968132,55.455732842040426,34.6664675929005,16.861147737497777,12.601999639292131,41.07760549392805,99.95199275378181,9.592351545391708,8.50632143277017,18.2889351784255,36.79414834189936,10.540236472119423,17.296993448468942,5.450632695966995,29.766019663397014,17.912653141548866,68.90208613686671,34.650489028082475,10.260830531234694,17.249099314157554,12.032740491235042,14.497168909284396,35.655827308147686,6.902061479587516,8.575143268163897,17.06089298688933,20.8876858861754,14.09222868540979,14.137061472767796,36.73107472565459,15.942105689562512,13.46396055302297,39.97990342679339,16.34742318657891,16.863933526049784,31.078807011675913,15.707721713166901,12.758206358993416,33.22448612878075,57.15062699109918,27.274460870418856,27.330729765165305,25.09190149325389,6.392366173130299,8.367660752850218,11.942364179913072,11.476160440434347,10.58661791607326,34.30573029866276,8.86164560563397,13.145495559291911,48.11383982639718,6.566608684715884,15.333738073599065,19.29774186053425,18.222539656321885,47.5780718292428,23.327406113995195,21.498700536946263,3.953770715402588,24.285053716212534,5.817001032615619,27.156081969266108,35.125675484432506,9.427028536365942,6.989665994376977,11.164165061487966,149.88252880328676,10.041474354055927,18.717603263726353,4.40134432220713,36.09820763736661,10.844010092630684,41.73167792661232,17.756183460716944,6.27363826730587,4.108903051755648,9.09185218517474,16.869836866795584,42.792253244937555,11.946384546947623,17.131540500276497,15.703184395626137,11.361986684827395,17.70484157080677,5.608329906053594,12.849241746627465,12.551279311682324
ABF.L,38.61821409506793,10.935342366922123,11.004325158372044,1.5078914929239175e-06,5.269558423239806,10.95231038683711,10.464486191840967,9.091529986633835,20.502991401279314,19.327750986942462,52.172132959033,47.60363839398373,26.910497681742957,11.076757681078128,9.438581275317857,31.9097270792836,90.8858827508219,3.811857392948259,7.353055159139341,10.044271164826057,27.97544635458448,12.851570209142633,11.63588693251824,8.420202519469441,20.094263139882845,10.13275178966635,59.14820719980319,25.0571872236282,13.622046585786467,8.576811937975625,5.851482100942285,11.82435449695221,26.377240516487827,13.104490859342294,13.27741865738775,8.286215889390332,11.978590540512647,16.296583512856188,8.365516082259877,28.903449343877625,8.21387093088333,7.460759983041819,30.930482504690456,7.7279975741244415,8.150746750221733,23.99966772584527,7.787489028151644,6.8087441651121114,23.49497737869903,47.613427516469464,18.964181471632703,18.4894648270048,15.240371460359762,6.082785717271295,10.174862695189123,6.9873434331553055,6.24727670532314,5.868416874061855,25.8970036957318,7.279657207669709,5.720430519406679,38.39763055108812,9.229226548707809,7.56878184570928,9.675106486777032,10.525254624671728,39.27629562710468,14.57592016223928,13.02269865353633,10.493274638034679,14.803324262163382,14.0915122723178,17.846643433392135,25.224945032240882,5.301701290081678,7.7169028273442635,6.473106419294738,141.84345569576962,8.55468154335243,10.300622282389556,9.490406275612854,26.207596716370993,9.6409845166726,32.19103336765304,9.663749066074292,9.068176755190112,8.158272109974103,10.803486423300637,8.725767555290204,34.58274079321534,12.80847449903556,10.00904891009928,8.200159132224831,4.563511567294745,9.677260518106342,10.93360223567404,5.868106652119138,5.109363533573032
ADM.L,37.89496563132288,10.209176628214655,9.969268500760364,5.269558423239806,6.743495761743046e-07,11.670677967225375,11.198483878062127,9.790220069426114,20.36280510282689,20.411365644387338,52.58830750808005,46.74326859933356,25.865589557180158,9.924150454674129,8.128965112410706,32.30416641263232,91.0463635738399,5.916178307317955,6.446846192648116,11.876026249238532,29.44526895325393,12.986859982660318,9.831753780942298,7.801115739286449,21.023623186189496,8.988074353095895,60.15427042287101,25.870374214888777,12.934606092502346,9.440101263268955,5.894748431646701,12.328855854089642,26.480630661254114,12.304740047535187,11.82852564300509,8.422930818665577,12.307943962914692,14.023094074621545,6.962170854027119,30.362536734165374,8.857907951263673,5.170123561333661,31.16644153686111,8.73541848563903,8.325672045394636,22.792025930003334,7.040200816630533,4.982463194006037,24.211701523079945,47.90436312725216,18.652240731140054,18.41852687429583,16.607331323979178,5.254362404534263,10.221567344549053,5.4901774421482035,6.509403627742093,5.2894534275656815,25.41420773092372,5.990174566370394,6.5152293518390625,38.75048871058195,8.940955282059049,7.3385568626215605,11.650652329433193,11.020266491320129,38.73233913465254,14.108669757157827,12.586226728696074,9.172688255861308,15.446804461419072,12.817105462088586,18.673350461061137,26.030722460570594,6.373053184529397,7.231329674922206,4.137238555285211,141.24323768657146,9.05157123346429,10.499168225856609,8.418723875849102,27.079127874092396,8.696364455480403,33.402055067340974,9.540257356333143,6.276869500098692,7.234674952058842,10.231425513828931,9.681316472337711,34.283955514038766,9.802024882560342,10.17978767268705,7.562136837044643,5.186775299696263,9.914084928958685,9.549874489349278,5.532459673908148,6.770016925894697
ALW.L,29.395560901900375,11.798870365800367,20.335952621718402,10.95231038683711,11.670677967225375,0.0,7.143783609470039,4.120325265374795,10.461583374512086,9.606093603674356,42.57302830886444,39.33679713841833,18.31411236622843,8.198188035894146,12.44200696367155,21.81465191265858,81.74935584546988,12.32358922261754,14.061203276989952,6.956713813709118,18.748542424172303,18.36100415025125,8.90349272595253,17.477941351019457,10.010678088981683,7.422461332947664,49.507372163134264,14.794288470312415,19.530599020171714,5.064761316881546,9.959420286469799,13.919231926355916,16.529964991953427,22.23156230719468,19.480007848810388,4.5862912071838835,2.0493994169176344,21.44787349332835,10.919434279690117,20.686120396745324,6.795506139459499,8.448457260374889,21.043719612453383,6.055186924515121,5.609204376349128,17.1874433743909,7.9407699564647105,9.446400570624203,14.17959245943601,38.57402444399168,9.76794067544936,8.832163572997239,6.018733699911487,14.913733693876189,17.574606425981486,10.347893173540145,10.608749074861517,10.658843449430767,16.232765917485004,13.594647145866032,9.69207889412278,29.312617893123118,17.42299413508857,6.249882629951984,8.35730708012681,5.859453479659456,29.57677663686235,7.783032632532437,7.155768696291666,18.721481105673874,5.490706070232807,23.318434939572747,8.209583675016125,15.224384730563315,12.23012494172889,15.071183838807901,10.544433617994587,133.75676727026817,13.983719906682913,4.782963356909504,17.78597151068037,16.308184245281716,14.676085551814158,22.087271011783482,5.291932096500882,16.780201349122848,17.128847230550406,16.901491012026533,5.704972438203808,25.58900279784701,15.332855859230074,6.541211089163343,8.190836785131372,9.86706343651671,4.814623632979182,18.754392534494936,9.44907827206033,9.301792957402414
ANTO.L,29.90196016595998,12.437987483700967,19.06897210457199,10.464486191840967,11.198483878062127,7.143783609470039,0.0,8.505480249219955,12.820780113962707,13.254839206729203,43.94805751013703,38.752079665118885,18.318895994098575,9.333885621207493,13.817000775748673,24.480656371361714,82.11625109550808,12.590292570104758,14.21876772979826,11.503118043364315,22.403797499013933,18.813529420738185,10.759374851021628,17.216453669380876,13.932640349508706,7.923582553722887,51.56379069374824,18.390082507540388,20.469490419983817,8.36615761025678,11.254190170069467,16.47930331568298,18.376415460637052,19.802205777015327,19.864471936408567,7.907515505874859,7.15237612085722,17.56704084777624,9.593887443533282,24.372862737894874,8.708705150959712,8.444462420923008,22.479469762517727,6.531060837636806,8.112418054485504,16.435450152868295,8.784352739318171,9.039102829735436,16.030193810276515,40.02601398281606,11.978176198631418,11.336931110786658,8.9644059147425,14.264498550533753,18.004196565998516,10.912176819080381,11.668786103678599,11.485639751551744,17.409682606460123,14.102613271148982,10.781672619735923,31.341869630178735,17.792730701913275,7.306559567890127,8.330014963796552,9.367286659117644,30.51635769316295,8.08585870706464,6.575062580745027,17.794923017949227,7.505972468415488,22.375324120564166,12.62545708707941,18.995625995753542,12.011307583088254,15.002827345157225,11.701615504063504,133.1939064732617,14.928159109206286,7.681338039336886,17.420456671270802,19.936972096321732,15.691504756885895,25.31352078218378,6.148111694932008,15.901868261523257,16.1106946970026,17.674793527156673,8.225269306377687,25.756919532061058,15.70880783672978,10.07378906114565,7.733534084881745,10.427255434513928,8.423454968502671,18.171963565365783,8.098860122878397,10.675751754508187
AUTO.L,32.00252693082099,11.606487553480356,18.48256122625962,9.091529986633835,9.790220069426114,4.120325265374795,8.505480249219955,1.5078914929239175e-06,13.155142360491052,12.430828960592452,44.67510620393309,41.31183022802562,20.470714353969953,8.589944034689866,11.188502764400834,23.96671468702595,84.04774285380556,10.403240648874728,12.308735090126914,6.45390525267287,21.565814325569473,17.684213075817627,8.588222343839142,15.472451281020003,12.568408548828785,6.990845478771403,51.87037496982232,17.150213127993702,18.176832708288096,5.337497097863037,8.649039760998123,13.29231787876741,18.8337002307471,20.403753317410548,18.250904383400567,2.9575638083962166,5.183270352049507,20.62168450142082,9.971006258117056,23.12275703280963,6.737726722551973,7.4382020217097065,23.627041796329852,5.7159061902369634,4.891472670492967,18.892405974366856,6.665218040862828,8.021600349480089,16.404971226036196,40.167266987456095,11.921911906915364,11.615405711003731,8.605314793056236,12.880806303874042,15.917311479640528,9.124221097389565,9.22205276924436,9.333377526731066,18.73011346616214,11.736555495104845,7.561308354235608,30.80170265645454,15.630069323661028,6.188945686186972,8.522493088720966,6.53397828442171,31.89304211999524,8.99891594870899,8.249626116358005,17.246066375420323,8.22583804527545,21.249738419452616,10.61294168358828,17.09817045143878,10.964608177110465,13.52934260522758,8.359683695684755,135.465041791752,12.875574142943226,5.883765152979704,16.089129239941226,18.573784277420167,13.079455217933058,24.732444977679584,5.992989320985376,14.944744757918333,15.242111563310338,15.644420950287971,5.8240037050743485,28.025213694874424,14.612038765407197,6.658211915639691,6.857898680081331,8.07220334375247,5.370076253858173,17.092262585711413,8.20021470911739,8.168419127070244
AV.L,20.35437330712762,18.867699006452636,29.223349470784537,20.502991401279314,20.36280510282689,10.461583374512076,12.820780113962698,13.155142360491059,1.3486991523486091e-06,7.794264933369493,33.65691900462397,30.59167971674636,10.944368653129962,13.955718931367803,20.676803799089846,13.87384061485697,72.8659162558965,22.02985711493832,22.98320682706616,16.039230296336783,14.567820174463327,26.406521545405358,14.269467952448853,26.779574725053212,6.451172367193424,13.482762992442698,41.36687449313338,8.664925788174084,28.154960453616837,13.885660437801546,19.304320776546508,22.044848731317185,8.91825869844449,30.631479304689655,27.805785914638847,13.956882829057383,9.390378613729245,27.133061443079047,18.371063879384828,18.292622728714935,15.389286397918285,16.576836482712547,12.241953273680211,14.322211540732185,14.558159226931693,13.025763993546837,16.47053713674007,17.580091281793628,10.056788542963448,31.073087521090212,6.064902788941396,5.636757470383587,8.2101071366544,24.239856246239253,26.67762462301188,18.784111639334295,19.650575721992087,19.666156390018532,6.795335264340328,22.6375857678192,19.073189418215026,22.669312620946485,26.722745273556182,14.392519765540971,15.967608739093711,13.20089479644163,20.184471914736505,9.284353254353915,11.372060898747561,27.311645507196168,7.879825652384497,32.32082289913512,8.261045090886332,10.109159514271683,21.440421969935013,24.023905748532993,19.340849059572516,125.16075721082352,23.071207984637237,12.104445894761376,26.789452543404813,11.390956465747529,23.45193058524738,15.25542373963777,12.112858908566203,25.576466593779813,26.11537978588331,25.80716338681665,14.104416952694466,17.219412188514937,21.907059093552764,14.314381597868522,15.880278071461696,19.220362976414897,12.81258219237499,27.318100270061006,17.854236453454675,18.751690032130153
AZN.L,23.649960113586204,17.455324425979548,28.329250746065128,19.327750986942462,20.411365644387338,9.606093603674346,13.254839206729194,12.430828960592443,7.794264933369493,0.0,36.505740138433836,35.94202639338268,17.17217954750245,13.890773091943839,19.442852465290983,16.10645107066956,76.1159995173064,20.217996466449563,21.76127053427845,12.556162968238885,10.910885704637257,24.139938544094274,14.87849285382613,25.64622493996304,5.837960826277692,15.088144654978395,42.40445007827894,9.651341353721664,25.99702848985974,12.519413083894628,18.047559392826354,19.037394093306045,13.157596120372537,30.056850279835018,26.356038293129316,13.403652780743121,9.079752116379572,28.274253625592408,19.091210518403326,13.72935913703397,13.418058154637565,16.834649750572915,15.68672252256693,13.234779374276506,13.89008881182058,18.81517177358636,16.805945752859152,17.768517400545782,12.696822968361383,34.546877217127786,9.61608616143349,8.738623560203663,7.244995691789576,23.308216609641274,24.748943926468275,18.25594014100228,18.02214870783533,18.51731013837865,12.59189115739439,21.401322729622798,18.04249396639366,25.798634266678516,25.083675953917076,14.036005821666139,15.395892711148225,11.148104631724022,24.76166179931475,12.68145633664435,13.558150090254347,26.3141158010465,8.870740168774526,31.46760661658956,8.103923224300303,11.366065371073446,19.756083656354935,22.54021739570219,18.951057610889226,129.70891585029105,20.532746488471506,11.310509267350318,25.5050492838134,12.611242062044733,21.8344608342525,14.120362502912817,12.387706660023188,25.41068528208568,25.09187638462422,23.83575258933154,11.944955030688357,21.614969539836597,21.788911801178767,12.362309365594234,16.148380008459466,17.94240267143763,11.472648118192774,26.24892105981546,17.80749402842446,17.069215498130998
BA.L,26.415701156971004,52.06707429061974,61.7005530968132,52.172132959033,52.58830750808005,42.57302830886443,43.948057510137026,44.67510620393309,33.65691900462397,36.50574013843383,0.0,19.343415369468794,30.73361566104392,46.7309213670486,53.71221174612547,23.159937717724723,41.76061315197431,54.197451646084915,55.973166640072826,47.42961521865688,33.48804301078357,58.90937126162999,47.09042777015952,59.42430126661743,33.955568859952606,44.50252588320385,16.17293510563217,29.15864173205757,61.18017299599428,45.922525246334835,52.08263253045402,54.62874420511977,27.96216887438903,61.92198353291604,60.940079592906535,45.85680227081937,41.82737772715497,56.928638909008804,49.04993426522623,39.02544422162044,47.8974650930411,49.095811626896264,23.293450054104916,45.972285330682816,46.776777196953866,35.08940642432006,48.33471149241547,49.79637359398397,30.705049918966182,13.796155724352392,35.55452443628275,36.10670944952634,37.795023594256584,56.57549256437832,59.41746027488053,51.770259350348354,52.528797326824254,52.6206068313869,29.389774140415163,55.48425190849999,50.27374970356747,20.76471448963787,59.58206768854129,47.17320631040587,44.861273162402156,45.749755513536904,19.708792251732277,39.304201446244974,41.55562310570919,60.14100476141612,38.44633060582588,65.02740810066295,36.950225030949035,28.932926079104956,54.04402358882146,56.59465288884172,51.767539003778104,96.20623780148442,55.612692339360386,44.507550054500456,59.702974545230404,28.688968684576974,56.38705810439361,25.809684847374836,44.28755695546786,58.01097594683206,58.494713260436335,58.80214354869885,46.48882947158825,23.066459443294764,55.027336917990525,47.11997225986733,46.98463978888665,51.30987997182701,45.62914769622075,60.28549423282735,49.39034400902992,50.94876657415033
BAB.L,21.585460780248,47.5924792257616,55.455732842040426,47.60363839398373,46.74326859933356,39.33679713841833,38.752079665118885,41.31183022802562,30.59167971674636,35.94202639338269,19.343415369468794,1.9073486328125e-06,23.34658949121555,41.64094917086261,49.08906169629753,25.640457731144107,47.654562394091855,49.861848672946614,50.93088144828601,45.531168885274326,37.094811764603065,54.51742798820194,41.92614828567315,54.0586033453221,33.48505126333936,38.89805773540061,31.53125370757329,30.256573408032605,56.68695959889596,42.519806034352555,47.74143358034888,51.70590939890197,25.65275648519333,54.8074523025052,55.6544022751418,41.86323187012451,38.29995568136979,47.5391131363901,42.662713173317094,42.5139032588389,44.04224389972005,43.27794701544215,22.306405755408704,41.795805563490845,42.7402799190321,26.91854321144986,43.33817582237633,44.09750894328016,29.01567137152754,20.28194350098689,31.633539918995222,32.65990511946213,35.585540231199694,51.060070083673395,54.80440918556,46.68855233818964,48.22286107902195,47.91181710725621,25.35134971023462,50.406709384933706,45.94579682117449,23.528386638655792,54.76956528135674,42.39687727083428,40.79205090863329,42.51741283952142,16.543159934495023,33.8386734875031,35.7016460630895,54.11098028416625,34.86723957898994,58.67760584087959,35.823318239566,30.368771008147405,49.48597321256581,51.36244346814987,46.6221818854162,96.2309686894403,51.43879871740065,40.61600014954172,54.14357700160407,30.240001926329345,51.74820760679847,31.156684816371257,39.44356436320848,51.439797550687516,52.61891463805055,54.19303102833235,42.89132315159267,17.59024065461484,48.84893802528572,43.746106172789844,41.37544495396592,46.703632397449724,41.99614359054425,54.39346745409344,43.75122162982068,47.03913853998477
BARC.L,17.590399839362863,26.053260971920277,34.6664675929005,26.910497681742957,25.865589557180158,18.31411236622842,18.31889599409857,20.470714353969957,10.944368653129962,17.17217954750245,30.73361566104392,23.34658949121555,9.5367431640625e-07,20.542366998218334,27.771432895983445,14.91330878052639,67.11811568785627,28.97249424930827,29.512633782423123,24.566544915977843,22.77772030758663,33.69104294028204,20.65347513579738,32.877055109645404,15.11868128817978,18.09066909316181,40.3345180483668,14.056240558060138,35.35262398678157,21.892361171671695,26.36647138779263,30.52697765568435,9.293044178629435,35.00314254744807,34.40866046174063,20.72055743689977,17.07360804605543,29.148059836660366,22.21623862833938,27.111408795729712,23.206330388874214,21.979019492604813,11.127051694316926,21.300822153368404,21.579119718758708,7.906637060297714,21.91826920707642,22.848973967791267,11.752116187886744,26.53947656671526,11.181976152290307,12.38804577460808,16.051800286595917,30.007855228617828,33.51711964988713,25.06900757691735,26.991495506354347,26.597940774136504,6.794548612398065,29.169220679535936,25.16644340294533,19.536781758265406,33.47561224584477,21.47679604647977,21.52043030990112,21.77949950286552,13.899904439924642,13.1570487968979,14.9609494892361,33.14630789921696,14.655175697365639,37.65493416324269,16.075692193917998,15.126174062695052,28.371414153071292,30.43451309209471,25.501389166350744,117.17696681320093,30.356330794603984,19.726837983359268,33.011153373914595,16.034540977940974,30.427005947944316,20.45971902171797,18.64829653895387,30.39597275860194,31.822815756834828,32.92602246464323,22.04324158645456,11.045524710592545,27.402329393566657,22.665593362596578,20.773056228309304,25.58952105365923,21.02270974276037,33.28486998268345,23.063829137541703,26.217636696164274
BATS.L,30.391354661413935,8.050993934843328,16.861147737497777,11.076757681078128,9.924150454674129,8.198188035894146,9.333885621207493,8.589944034689866,13.955718931367803,13.890773091943839,46.7309213670486,41.64094917086261,20.542366998218334,1.5078914929239175e-06,10.615422371005211,25.852850863316657,85.51970505498612,11.486838359773136,11.187327191142284,9.863655817560062,22.961180009316998,14.856052078339829,5.839817410490894,15.314068548372488,15.937361665329215,8.627547390850099,54.17747484075236,20.02422997982959,16.639003128872613,7.473364758965143,9.349740732296706,12.077891859939795,21.42428592183043,18.272575712973136,16.00646641987402,7.767207522933296,7.529329198523681,16.55985570499645,10.0781053353408,23.79952687602395,6.634603057430542,6.91156314364367,24.793128752797273,6.628991227554516,9.16545037901428,18.92105022762366,10.305382763357407,6.834395326651599,19.882285176006615,43.474865772635084,12.044952427209472,13.994339938597381,12.194963551835043,12.448510492224539,15.791099419396867,8.860840486669197,8.739277552784909,8.310907463091496,19.2412211702941,10.84265646722589,9.568399907445581,34.82103850212974,14.927927837094995,5.411514478447653,12.845813437553812,6.184162298488469,32.34474825954012,11.503940739113101,10.460845854243557,14.937226406683326,11.269243715812856,20.080761647012565,13.578820979688805,21.238673545159227,9.89616845406369,11.288474385711257,8.326534138406657,136.71113661128405,11.685974790309038,8.269825546143304,14.479442739511386,22.579772774917988,12.708590083673593,26.77417114540439,5.419140380135588,14.038593181546672,13.676415895277623,14.562825725917984,6.171311292691461,27.99977234177363,10.500227320798809,6.332185253833123,7.568162602328649,8.249049700294124,5.879046775262975,14.314568785413329,8.113314887115221,9.520016028876265
BBOX.L,37.44138106167709,6.4075009569621795,12.601999639292131,9.438581275317857,8.128965112410706,12.44200696367155,13.817000775748673,11.188502764400834,20.676803799089843,19.44285246529099,53.71221174612547,49.08906169629753,27.77143289598345,10.615422371005211,6.743495761743046e-07,33.08555839726356,92.94360555227615,7.634914359227418,5.239493432082571,10.478678993676366,27.457885128337757,11.58833235559923,9.027756636532207,8.913068632591063,20.968007602910006,13.50607860261306,60.30673749302144,26.266388322907595,9.034751315437525,10.37085625322783,4.816419169375984,7.27389587187504,27.411427439086985,16.772027652993216,9.371590906236689,10.33226778689113,13.218290151961318,19.144917197484183,13.369733476835153,26.559152927722096,7.582593425625697,8.555022326096545,32.05901411442411,11.522319360166922,8.570289577080096,26.139423915430786,9.349312084326113,9.799576075284982,25.93853085738178,49.911220264626444,20.361454745162575,18.837280778238384,17.87390697601618,8.836745211049937,8.575977215472916,5.7635764820349715,4.500177894376637,5.368240935309224,26.058432825080132,4.747918818912034,10.903792157056593,39.96697237390535,8.417750507205033,8.673987323963868,15.601760197522799,9.466985796931608,39.792104346469095,16.97343899334621,15.839283455139949,10.476071671241282,16.968648212679245,13.792938592818047,19.49765754122608,26.509173032407798,7.4528164689855,8.786138884972985,7.139617135620941,144.13755666081678,7.784543982498648,10.568975886775487,8.806428269207435,27.58091070204325,3.2840479604515718,32.38372515609414,12.242670757787092,9.837693203386571,10.454769961616364,7.179945776135265,9.474873489224871,36.29013267444283,8.064120511354663,7.954030015675316,12.046611287729442,9.063050436789188,9.108792350122375,9.63680110773313,11.168428804811617,7.830057076489834
BEZ.L,19.196188286332262,30.98160006787297,41.07760549392805,31.9097270792836,32.30416641263232,21.814651912658572,24.48065637136171,23.966714687025956,13.87384061485697,16.10645107066956,23.159937717724723,25.640457731144107,14.91330878052639,25.852850863316657,33.08555839726357,0.0,62.603293207303054,33.52926164378884,35.02220495495714,26.103688595323593,16.39630981598531,37.96201652987143,26.821426984976252,38.74556807817054,14.103364123379492,24.559209889543258,31.328601667152398,8.884600454760255,39.99792273536391,25.178934325351868,31.361392705960792,33.41270518953319,11.149718906418073,41.8715988010107,40.02059347763057,25.010343278097583,20.84645522349782,38.163575252520594,29.191381839196964,21.86047146363477,27.265470180834722,28.6106630337544,8.409468594930244,25.31986164135669,26.48507361737733,19.017803592656303,28.22488448683415,29.094515177033283,12.449652463406789,21.05404515177792,14.86326250380703,16.903673606057957,17.703552597605103,35.85305339359618,38.56714707746256,31.036530770785795,31.623560641250307,31.664069410936012,11.872822604921312,34.637851585907356,29.42938023676859,15.769483880504499,38.572759761164555,26.79212227851703,25.80576038378067,24.909478055882712,13.449090470449052,20.208457767879857,22.201111741903006,39.42264680338699,18.491092585237947,44.38961794007183,15.87967273312246,9.928722798779486,33.16429594905248,35.69354341427449,30.945947029725367,116.04496716809902,34.55656874504992,24.275177524574797,38.856784284442256,11.037510347464723,35.60697820468691,10.946629120380075,23.798211476774565,37.509039734492305,37.88215140912677,37.82769568374283,25.666142290093802,13.101793427311485,34.231785206119866,26.10327503665607,26.767189784717598,30.33604991338563,24.836986270122626,39.434338638814914,29.026453484912587,30.40043267911431
BGEO.L,60.56876205694771,91.2094424487081,99.95199275378181,90.8858827508219,91.0463635738399,81.74935584546988,82.11625109550808,84.04774285380556,72.8659162558965,76.1159995173064,41.76061315197432,47.654562394091855,67.11811568785627,85.51970505498612,92.94360555227615,62.60329320730306,0.0,93.22805073030158,95.03295591890587,87.07123332266933,72.5875491404284,97.64363965673732,86.12554476236454,98.1941545785104,73.62926474613579,82.7520360693226,41.215445763457915,68.88584241254576,100.33221613845919,85.2363529694498,91.23020347463354,94.21570458408551,66.39340376160284,99.48321600603333,99.75124885947706,84.91330788566046,80.88199667136928,92.87859420783909,86.62672895219666,77.9550112434667,87.17189557104588,87.48450206192122,61.840964631437416,84.83009594203259,85.79508319901696,70.8653747988421,86.91826393030597,88.23305297802652,68.97059951527787,47.285258375627876,74.27867542799625,74.71844829224298,76.92279878137171,95.21472633207343,98.32444786896926,90.5921753386084,91.76386899499067,91.63557191294916,67.66738999912127,94.54536937066224,89.11581934459002,57.21036025287032,98.62951561443754,86.04287630411459,82.94138187965518,85.18793745606206,55.239491659560905,77.51519006242086,79.40076320949147,98.54763614992535,77.18152032367632,103.50036067009411,76.34034914335716,68.88939211422596,92.97250309280363,95.34387296972113,90.69381119588834,60.79084510461933,94.59496684146127,83.46607178117624,98.4269049341495,67.85799030880537,95.59464535655194,65.39950110715701,82.97537576709342,96.14123419960309,96.97245604626588,97.78105607028058,85.69963128222146,58.56973551918412,93.37708573313864,86.57364832416727,85.30499793828851,90.1711990867321,84.94288168855749,99.04420335630614,87.6540293797788,90.01873037783271
BKG.L,39.95253482975039,9.708655260067646,9.592351545391708,3.811857392948259,5.916178307317955,12.32358922261754,12.590292570104758,10.403240648874728,22.029857114938324,20.217996466449556,54.197451646084915,49.861848672946614,28.972494249308273,11.486838359773136,7.634914359227418,33.529261643788836,93.22805073030158,9.5367431640625e-07,5.03487778900256,9.820702217847618,28.684849279854884,10.771964522517973,11.99478737861912,6.418014855556619,21.54402580551239,12.218086602444613,60.98260104688954,26.705222041155995,10.474915470740305,9.257625083279331,5.014355185047702,9.359956149614131,28.312998679887688,12.641955349790472,10.706281186115,9.399810625535308,13.31765084262481,16.923734841676538,10.43762628205072,28.824487740151945,8.083335212898577,8.29084140321597,32.87963070181891,9.174582368741788,9.044907019684251,26.44816164731716,9.207323068154372,7.84383414130727,25.69318999816093,49.966118013506424,20.63486599936697,20.11118180123093,17.10076564002571,4.9487446764671095,7.685372036231696,6.535505474735209,4.590309006230922,4.65552520108756,27.630184362460103,4.984460617117795,6.864675917055052,40.58323340044339,6.481696053716845,8.513931181461931,12.316750551922642,10.639500024209468,41.182634135581715,16.838957175290314,15.258270940160902,8.688890572139028,16.680561514995706,12.224710167421021,19.343912554961385,26.890841427245366,3.8864885774000855,5.846822179761658,6.15999721598709,144.491399523047,6.0947776658919155,11.343417593841606,7.182479176408551,27.935426563033214,7.054819853437022,33.41821070109623,11.27547645069652,8.199639895540207,6.745797345015505,7.8738178580865625,9.066871569555596,36.75980297229948,11.556455846731714,9.697662954556735,10.037812160511658,4.8460880845488665,10.08885613632792,8.857208342198751,7.831137111702325,5.238498875025003
BLND.L,40.16123926888272,7.574082971015682,8.50632143277017,7.353055159139341,6.446846192648116,14.061203276989952,14.21876772979826,12.308735090126914,22.983206827066155,21.761270534278452,55.973166640072826,50.93088144828601,29.512633782423126,11.187327191142284,5.239493432082571,35.02220495495715,95.03295591890587,5.03487778900256,1.430511474609375e-06,11.697941357139236,30.253323496062254,10.060113443086635,10.957591672910668,5.276506538714822,23.33841951040773,13.645552085164013,63.023843301122035,28.423624206160625,8.10216942103032,11.131369794336207,5.1378164278861895,8.606658075577787,29.74755272155916,12.394312654022935,7.993591206051477,11.129671293515083,14.74501241770375,16.355832132276625,11.976789892021873,29.693109854046867,9.061568950589862,8.631109113034121,34.23626302056332,11.393243520303004,10.450312542381774,27.162621035674373,10.094726518523084,8.36101477683452,27.553517808088035,51.8145174509356,21.710123662253846,21.366149684778485,19.35579702352847,4.7412181902143695,6.835448313030969,5.7844049929675645,4.260999132191085,4.30326312809283,28.367549106334586,2.1883363705321535,9.16181237043334,42.25883188750221,5.030838083226832,9.501176419458746,15.605002857699834,11.464842141738488,41.92655821474708,18.180559517073867,16.72116473393242,6.907813862441743,18.50186984256621,10.07732623127329,21.04997614330014,28.766583048727917,4.785412197567453,5.297438905573864,6.130324044357453,145.80476268225547,6.585671311482181,12.744024078566635,5.153034907794573,29.98148329026163,4.302116068826429,35.07361630354803,12.716127402190029,6.694206226278548,6.212207637378839,6.224369816923813,10.558592068147378,37.90344467309503,8.451801974123823,10.127478511099849,11.487098655048166,6.958271794881732,11.022868613630754,5.775288173495473,9.543207355193237,7.696335549085378
BNZL.L,34.24879148131816,10.184283770257144,18.2889351784255,10.044271164826057,11.876026249238532,6.956713813709118,11.503118043364315,6.45390525267287,16.039230296336783,12.556162968238885,47.42961521865687,45.531168885274326,24.566544915977843,9.863655817560062,10.478678993676366,26.103688595323593,87.07123332266933,9.820702217847618,11.697941357139236,0.0,20.52388908479325,15.270666899978371,10.759104426613412,15.09137147427157,14.4404992686064,11.884525695969598,53.46118397030352,18.97490665723421,15.818462692888005,6.42485199300539,8.267351378798818,9.643204681981453,22.14898493048067,20.909313960506452,16.70978811554106,6.818321178900836,7.924590461237487,22.761371860372336,13.314692275365738,20.76483923883771,6.294232831717818,10.194231405285414,26.267939443073956,7.7507094728392545,7.535150107146238,23.35345783766462,10.055942899790917,10.506678768638904,19.442031498101645,43.60396670728224,15.122523036896622,14.70784409405512,10.958302663707164,13.103683626906468,14.375017466917361,10.022815595814142,8.249629544001554,9.025619309342627,22.00437645317937,11.31593088473276,8.916869674803593,34.10728003614116,14.296857016856464,8.175573503667858,11.367819869686812,5.939291283931043,35.08558012479784,14.10919181098385,13.010086817200335,16.717028440539828,11.575533234607692,20.91698953903399,12.192960606936795,19.42901739087043,9.874472192042852,12.611092532719779,9.854159168261857,139.6087250115344,10.659736122236202,7.998788130048756,15.265698445431216,20.622440066374292,11.84860028074353,25.174979983022155,9.23911494802088,15.884805683099795,15.166044221695131,13.671207568311099,5.866819675922286,31.266497942407597,14.683207749855828,5.706409548764174,10.502458859954132,8.65523969177688,6.148099213713232,16.357328752606495,10.758753373366723,7.662435243212668
BP.L,23.736739077932203,25.36782103542689,36.79414834189936,27.97544635458448,29.44526895325393,18.748542424172296,22.403797499013926,21.56581432556948,14.567820174463327,10.910885704637257,33.48804301078357,37.094811764603065,22.77772030758663,22.961180009316998,27.45788512833776,16.39630981598531,72.5875491404284,28.684849279854888,30.253323496062258,20.52388908479325,0.0,30.734326349313356,23.749253773255713,33.951561310573176,12.118269237373966,24.47011583956135,36.414558596380196,12.417754751186523,33.09724336330738,21.259665750070408,26.40813044800232,25.57570050913921,17.10990031821285,39.05696419521453,33.735235617877414,22.677808189136258,18.44053292520061,37.58883007343783,28.501021919873036,8.475660509427223,22.180826701408293,26.255425259760525,16.749226837412568,22.490648635093354,22.68236655929396,25.512385913467092,25.88382855805515,27.316703062593287,17.79695966788101,33.97456510966753,17.82879013346449,15.93502117184204,15.76732499416953,32.14074008717096,32.24867590100052,26.97152752572232,26.31817309083418,26.93823093608231,17.056863637374043,29.965876273809307,27.16478114613348,26.312654701785043,32.97396289657763,22.982693071892477,23.729478293063444,19.638529179946396,25.56858375645004,21.681833444751472,22.898110823276912,34.48159210000582,17.664814652961766,39.94328389333511,15.318520428269258,14.147821147079377,28.0778013371327,30.917956558750678,27.87353381322604,128.31313256755234,28.297659900608608,19.964809351261287,33.70001970973421,13.77523454085824,29.807020586628624,8.630715406071095,21.683289305346452,34.34741191956474,33.853819022334875,31.23224567327354,21.057616378248767,23.80138995818246,29.916436614192463,20.775890809476866,25.85161988724144,27.03966392688578,20.271067600769786,34.61464690927328,27.127208168197992,25.061448878070372
BRBY.L,42.55490107305825,11.178096763933869,10.540236472119423,12.851570209142633,12.986859982660318,18.36100415025125,18.813529420738185,17.684213075817627,26.406521545405358,24.139938544094274,58.90937126162999,54.51742798820194,33.69104294028204,14.856052078339829,11.58833235559923,37.96201652987143,97.64363965673734,10.771964522517973,10.060113443086635,15.270666899978371,30.734326349313356,0.0,15.671501488328577,10.458967844871054,26.51768974098618,18.470084790703723,64.66291556145192,31.41395437740037,8.02823486023507,15.1653603032706,11.805590341267735,8.570688569110388,33.6108540088491,14.943649362866328,7.1297426866049305,16.56313510071118,18.74197061337432,19.25373519369588,16.464810050901974,30.02564587154257,13.812018116229767,14.238467882265295,37.08551601217943,15.31252502820496,16.042328482430232,30.95686246746649,17.060497328738983,14.365970320225285,31.787371378658946,55.840487864386155,25.300658083509298,24.829522085914856,22.75875746477323,11.206188683098187,8.209941650392123,11.875522481227803,10.167339008777791,9.925779190784308,31.879301832145565,10.334879554028703,14.670724516516781,46.79940523347952,8.820610425071251,13.93087316951313,19.591721689181778,14.712658646923563,45.30822267638833,23.272906796630895,21.943200132735058,7.9008211487292055,22.772167104274967,13.838012503669898,24.449763916376792,32.552412850128746,9.271712907809071,7.974411850089386,12.178642645854543,149.78506847864784,6.820617901779946,16.297073075409184,8.186309578491077,33.15472205300514,10.817371939417349,37.056019411553045,16.435346241234797,12.693626189090171,10.161371884783112,7.231417319569751,14.377046574438658,40.80938726751392,10.420468902363016,13.667109779793483,17.108045492241157,12.082268866578783,14.894164741954032,9.568139958713727,14.50807754584253,10.873390197510345
BT-A.L,30.873969757307407,8.305086541440305,17.296993448468942,11.63588693251824,9.831753780942298,8.90349272595253,10.759374851021628,8.588222343839142,14.269467952448853,14.87849285382613,47.09042777015952,41.92614828567315,20.65347513579738,5.839817410490894,9.027756636532207,26.821426984976252,86.12554476236454,11.99478737861912,10.957591672910668,10.759104426613412,23.749253773255713,15.671501488328577,0.0,14.904626676416393,15.94624295011907,8.93989996107446,54.53933333417507,20.502047901067538,16.35001269452034,8.605842863475266,8.89182485605355,12.234303274125919,21.242362336211755,19.71115804291565,15.505602746367604,8.288036879340902,8.732060025171814,18.54041626361496,11.201212715752117,24.323785395310377,7.532730819074841,7.064629196967893,25.347372036735162,9.051279788792339,7.981481315622603,19.136185413963993,8.894018313836114,8.341061226329058,20.465100464432883,43.44200641246722,13.554614353037435,13.31124911709367,13.376970592618807,12.923777611391463,15.20964472332358,7.747984228677905,8.809718569838832,8.833414081207266,19.183053567864956,10.553197494660134,11.09294221566213,34.21476451079395,14.9240958255858,6.12635088684855,13.824979773945293,7.135455060905036,32.53918330541834,11.456761131155586,11.161453928628198,15.288930581692211,12.443819066562988,19.701276491772045,14.623078587381746,21.304808194842753,11.063084989514559,12.516889972596832,8.354119655329324,136.85202901932698,12.545932365290508,7.6846638972168675,14.597847069784454,22.764486052511174,11.596227580149781,27.447710387229538,7.66434325271342,13.985276635719174,14.375797721691763,14.30884203031236,7.673186046685239,28.99727210968755,9.515530908304457,6.561336680215647,9.263157572160114,9.820024333860395,6.40424687085227,14.648199345538893,9.953297814027279,10.011422683487561
BTRW.L,44.19674508949543,12.036662524032264,5.450632695966995,8.420202519469441,7.801115739286449,17.477941351019453,17.216453669380872,15.47245128102,26.77957472505321,25.646224939963037,59.42430126661743,54.0586033453221,32.877055109645404,15.314068548372484,8.913068632591058,38.74556807817054,98.1941545785104,6.418014855556619,5.276506538714822,15.091371474271567,33.951561310573176,10.458967844871054,14.90462667641639,8.259061849445711e-07,26.79484689451029,16.050103811662318,66.34100081262537,31.9302663952952,8.356245801569715,14.465199042794122,8.329165942554905,11.59597076235761,33.088284875162934,10.496835285414088,7.760330600242115,14.310344735410968,18.321067252206056,16.71033036323303,13.308434905557052,33.693661151653686,13.070211465079344,11.474560292183883,37.8254437513885,14.553596950473052,13.477607016528443,29.83061903190524,12.47573332732494,11.149578022697796,30.69537539438327,54.80277751891939,25.350539386169693,24.66237504737948,22.59801826056808,4.636921777249738,5.774418831678151,8.854802503493227,8.292056555283988,7.791749516497814,32.07015347064862,5.769363666573678,11.157031921983274,45.234870868885594,3.5223858912745802,12.955785479911677,17.173437779576716,15.506089246084747,45.61204157088411,21.05450216538654,19.527252413399133,5.278092257701136,21.817088161386277,6.4751171715967,24.41912385461194,32.13418302917591,7.334828318479058,6.30545327995676,8.83182696261975,148.6145337835617,8.170199193063118,15.939004551022459,3.5511955855294963,33.10924859601646,7.131133533348472,38.89520827616319,15.954019645805078,5.528558858297227,4.962024942312532,6.624816617806804,14.33886590245036,41.32608810759711,11.00061952892523,14.25274234040862,14.20371418064972,9.367160615151278,14.920491509320374,5.619439399010908,11.67505480742623,9.771865116610153
CCEP.L,23.577716546773203,19.905232150520494,29.766019663397014,20.094263139882845,21.023623186189496,10.010678088981672,13.932640349508697,12.568408548828794,6.451172367193424,5.837960826277692,33.9555688599526,33.48505126333936,15.11868128817978,15.937361665329215,20.968007602910003,14.103364123379492,73.62926474613579,21.544025805512387,23.338419510407736,14.4404992686064,12.118269237373966,26.51768974098618,15.94624295011907,26.79484689451029,0.0,14.537131841359754,40.38137495892344,6.823605746378736,28.145286860489875,13.569030885643473,19.21472439608189,21.525823076590818,9.8062409121547,31.588566585748936,28.228638105689086,13.84134204198239,9.792072050532637,29.69901483593704,19.296582861209345,16.331659970013895,15.352171761258676,17.677646221711168,13.652155162362021,14.56354521267655,14.13232780073471,16.752433448935683,16.5986519995078,18.73238360464911,9.593799346957736,31.05538778946591,9.235956492102995,6.470924427360508,6.761697172573476,24.525489755986975,26.357015356971107,19.248149702262534,19.688604188028847,20.022447912832902,10.636990807467429,22.953431732775975,18.865314109635758,21.99281539287043,26.62426769336509,15.12693661273875,14.868184206509875,13.2481032543582,22.702080783747206,10.989380939183347,12.893220854507286,27.99054917794762,8.315821777360908,32.76325371324573,7.1040332507886275,7.65906094029407,21.52793390943183,24.42485983326313,19.915056070409904,126.89052301914265,22.73547558298978,11.999615172090692,27.158093125719358,8.816220552641234,23.49618256191296,13.425993574154075,13.310354726017877,26.41264714171357,26.604687603679857,25.739390177351012,13.935828115506164,19.953271553313193,23.546278452634443,14.373085813220538,16.861478914343934,19.26417189942248,13.063146586229744,28.111259852926274,18.656397662644007,18.20234029555615
CCH.L,31.18098273104936,13.548497406325165,17.912653141548866,10.13275178966635,8.988074353095895,7.422461332947664,7.923582553722887,6.990845478771403,13.482762992442698,15.088144654978395,44.50252588320385,38.89805773540061,18.09066909316181,8.627547390850099,13.50607860261306,24.559209889543258,82.7520360693226,12.218086602444613,13.645552085164013,11.884525695969598,24.47011583956135,18.470084790703723,8.93989996107446,16.05010381166232,14.537131841359754,1.5078914929239175e-06,52.63150546249316,18.674574465698193,19.93009502258457,7.910444979571195,10.896545380378926,16.517117368778802,18.9212289424124,18.965109482221454,18.974783678853807,6.178672154555368,7.255407079375592,16.998213025247505,6.175757789896195,27.111543852155243,9.712211700319614,6.40632358564076,23.35172673096802,6.798143649554418,7.844210831381335,15.401919146327367,7.514604278520663,6.848298011264067,16.889765785065688,39.794097849745995,11.139050774114244,11.803198289477631,10.667713500738042,13.158084789866423,17.419827554931615,9.722825294058675,11.578285810471264,10.648399960935015,17.802520011655606,13.18925849070139,8.630903717589975,31.181452611141243,16.838125753859913,7.044576672194302,8.820528795220682,9.885862715104324,30.611391967388613,6.71217054059797,6.5964262541466265,16.83335391850649,9.277329761040413,21.231186840322785,12.654588997730249,18.98127816310912,12.357022892175477,14.001189361320732,9.005092432540085,133.21773791307535,14.56278769352281,7.9399719829188005,16.486068949380183,20.192035204097774,15.371315821625803,27.033668922050254,5.237589650731036,14.159440937221468,15.021662546971584,17.211526037862686,8.815511947803053,26.220192378208203,14.040738735590805,10.05482886135241,5.917102485214999,8.841905304573004,8.495041265861115,17.367385668309577,6.763382078166517,10.353059940995854
CNA.L,33.03307652852532,58.72492412262783,68.90208613686671,59.14820719980319,60.15427042287101,49.507372163134264,51.56379069374824,51.87037496982232,41.36687449313338,42.40445007827895,16.17293510563217,31.53125370757329,40.3345180483668,54.17747484075236,60.30673749302144,31.328601667152398,41.215445763457915,60.98260104688954,63.023843301122035,53.46118397030353,36.414558596380196,64.66291556145192,54.53933333417507,66.34100081262537,40.38137495892344,52.63150546249316,2.3360154559928683e-06,35.7929590789037,67.37356081031938,52.9352233198902,58.87114830813073,60.268157754386436,35.95092624036786,69.71195448462802,67.39523862277485,53.231319110668544,48.95738823567126,65.60501992877902,56.88226732772659,41.46492954352365,54.573584577258536,56.73849480629367,30.921343157405147,53.23066365181189,53.74224153606314,44.3400518329275,55.92035725038189,57.677133019922096,38.421015996882375,24.140735956188436,43.701851021176786,43.186250449542555,44.50857564455766,63.89618613563197,65.61860130610083,58.94687597361506,59.15973830832487,59.51455540338483,37.827336065039844,62.49729554229285,57.64059854534278,28.42941307526422,66.22260426419724,54.280895282517875,51.731023506643105,52.19969668557009,29.99555107696552,47.58260818243281,49.67247596916674,67.10563479150555,45.84072074926088,72.37034812484632,43.82379959799064,35.92146715103781,60.753013417862036,63.42544922346366,59.168498142124434,98.44726467482332,61.73066389997108,51.05415206103366,66.56688601172408,34.59166081260916,62.97376510964076,29.769095380612363,51.70310096013086,65.65719662669481,65.80454199493434,65.06858351658958,53.13856506782685,32.32213575150456,62.09345263004999,53.5991843529762,54.828413492394844,58.54983640017454,52.32953583632997,67.44623589969467,57.04943404932073,57.29743033438519
CPG.L,21.501565147000584,24.675206351152603,34.650489028082475,25.0571872236282,25.870374214888777,14.794288470312408,18.39008250754038,17.15021312799371,8.664925788174084,9.651341353721664,29.15864173205757,30.256573408032605,14.056240558060138,20.02422997982959,26.266388322907602,8.884600454760255,68.88584241254576,26.705222041155988,28.423624206160618,18.97490665723421,12.417754751186523,31.41395437740037,20.502047901067538,31.9302663952952,6.823605746378736,18.674574465698193,35.7929590789037,0.0,33.408739221073276,18.50174670221239,24.34050557511023,26.60880278742976,8.162916905226973,35.94853163297683,33.411639149851354,18.45804798814943,14.170352718962608,33.423721272955035,23.241506638560548,17.83377890772407,20.518258296325595,22.329900667348834,9.437662218489258,19.06672992502313,19.513832593679542,16.31860375746739,21.47484895994619,23.02431334004705,7.58227924050829,25.96347042899834,10.234104030308632,10.586076839306891,10.57743531294928,29.312793127348428,31.69145254468148,24.439988892024367,24.82441406197641,25.02032700303912,10.024388369978077,28.00069193565003,22.98164471380107,17.839544749016756,31.81817970983679,20.09483366098643,18.917001971379285,18.12630443902878,18.51397053943166,14.531694371341596,16.344777049707492,32.995214229699734,12.09925696451005,37.81320685583191,8.952202706885094,4.6871085129641905,26.44307970071148,29.145288214304614,24.556581289449003,122.2567674694004,27.807604741040297,17.294196879319475,32.23551733621034,6.072503389190201,28.813787769293143,10.274205722954143,17.575243182304646,31.181146494723478,31.41053233275507,31.058193711314782,18.95580415582073,16.109531634994962,28.180739957836785,19.35560112093741,20.74471721650039,23.868647257802078,18.04342283201266,32.99804487832197,22.88340762219438,23.272313734673787
CRDA.L,44.54277363826415,11.36537501639584,10.260830531234694,13.622046585786467,12.934606092502346,19.530599020171714,20.469490419983817,18.176832708288096,28.154960453616837,25.99702848985974,61.18017299599428,56.68695959889596,35.35262398678157,16.639003128872613,9.034751315437525,39.99792273536391,100.3322161384592,10.474915470740305,8.10216942103032,15.818462692888005,33.09724336330738,8.02823486023507,16.35001269452034,8.356245801569715,28.145286860489875,19.93009502258457,67.37356081031938,33.408739221073276,0.0,16.47799156443186,11.049289366407919,8.086819157870917,35.09185147555443,15.602204815758855,4.6132626554369125,16.949764873771798,20.19007885676851,20.754039921277048,18.28532771007056,31.434704614773967,14.281608703395625,14.671287378235673,39.526433806458634,17.276961214884526,15.928037175546871,33.337537115353534,16.416616866070115,15.193738648338362,33.464113879886504,57.63805865210751,27.38432713602925,26.303669004113985,24.837850652540236,10.546668148381418,5.800812624923968,11.500619877754948,9.945835365201791,10.058173605114952,33.64372221971049,8.245524212275283,15.525935422051413,47.83933933919289,6.352040028694308,15.464445413987832,21.482576179317334,16.02848469793864,47.27776735287228,24.534132719954066,23.05736328592547,8.032397334416883,24.21246619673418,10.641951454102825,26.318274376491384,33.874781750928285,10.380269091484829,9.109970171321597,12.08292333238732,151.95696672072611,7.749676825934602,17.617149408479463,6.763221183649523,34.778268195013,6.742936703428341,39.071253790197844,18.675062770442594,10.925562517705334,10.219975957202625,3.598415267415077,15.698755550131265,43.57951666422195,10.46337963188549,14.487713418959297,18.192892616783514,13.156222730505917,16.018849937698104,8.093389909767899,16.173447764143447,12.424449920299825
CTEC.L,32.60765806956022,9.921695266935973,17.249099314157554,8.576811937975625,9.440101263268955,5.064761316881546,8.36615761025678,5.337497097863037,13.885660437801546,12.519413083894628,45.92252524633484,42.519806034352555,21.892361171671695,7.473364758965143,10.37085625322783,25.178934325351868,85.2363529694498,9.257625083279331,11.131369794336207,6.42485199300539,21.259665750070408,15.1653603032706,8.605842863475266,14.465199042794126,13.569030885643473,7.910444979571195,52.9352233198902,18.50174670221239,16.47799156443186,0.0,7.614305791742105,11.252937195032553,20.638623512163182,19.394122614829623,16.473137884846242,4.956402917460287,5.8731988070708585,19.840434111891483,9.893885395024395,22.48938620466507,5.223909374448493,7.441313914709626,24.77662389732104,5.078294251505135,5.787594542174445,20.200226966583408,7.920613026042855,7.756687906774326,18.16084330137145,42.27123183062421,12.894610546121642,12.700832674034041,9.829804606791779,12.053371351659095,14.82463455138056,8.292094108093352,7.847022623476646,7.762057587375872,19.752010246102554,10.78923712754582,7.465995586702397,33.38740161199639,14.144202502254844,4.757031929790299,9.210625036281602,5.2930658154442805,33.16596004563228,10.654924515006824,10.152771842259646,15.588452503863863,9.440406936153597,20.25904867289744,11.097909951222864,18.872389309525392,9.114566662858634,11.93350731906067,8.145627945706089,137.27330241125478,11.084331351144177,6.304844334206845,14.606178870634693,19.892684582631375,12.199017177639613,25.356417908948327,5.709880900362201,14.294743537781635,14.051100762064754,13.879471467362814,4.8082788191831805,29.081508700445305,13.456354939626586,5.406709006863788,8.201311162456111,7.234505478033525,4.420221041368002,15.654920520436452,7.8768371133727655,6.99636340947168
DCC.L,37.15104819009337,7.31999601023807,12.032740491235042,5.851482100942285,5.894748431646701,9.959420286469799,11.254190170069467,8.649039760998123,19.304320776546508,18.047559392826354,52.08263253045402,47.74143358034888,26.36647138779263,9.349740732296706,4.816419169375984,31.361392705960792,91.23020347463354,5.014355185047702,5.1378164278861895,8.267351378798818,26.40813044800232,11.805590341267735,8.89182485605355,8.329165942554898,19.21472439608189,10.896545380378926,58.87114830813073,24.34050557511023,11.049289366407919,7.614305791742105,1.5078914929239175e-06,8.25644814423858,25.845448074500656,15.472593647804684,11.057951934588043,7.719199406306443,10.940902257595347,18.081301090909083,10.542929030510198,26.425805843285403,5.9000509264572765,6.614526365976544,30.444175410523197,8.659164153017276,6.663489656504761,24.187672483306567,6.913111410305327,7.195653346779378,23.47803808748359,47.90560195553785,18.413227268963247,17.418741072150013,15.339465215921072,7.012559481595215,9.248581286140498,4.690179915338727,3.2664235225921048,3.37685576075332,24.912984254384426,4.923760293846358,7.333024788779398,38.29330823515541,8.229901597324016,6.37619941688212,11.967662334500513,8.225736768534489,38.568454340917846,14.810864378726272,13.378683782611187,10.435309193448722,14.555530245720652,14.076819599652058,17.03060616488558,24.6040094807515,5.097749449726379,7.525558668936055,5.461790030267212,142.4863891849505,7.265804626524257,9.041085912494447,8.857748493562692,25.596693835286928,5.978464040843628,31.045846429833396,9.731247335976564,9.071279416911853,9.251601353282107,8.392659251432752,7.5051564073241,34.555791592454824,9.841734837316807,7.072990797530414,9.39397866977202,5.850982538119709,7.547652284677088,9.944798788929598,8.024251706768553,4.854412303113537
DGE.L,38.8095523147093,7.5530516594496335,14.497168909284396,11.82435449695221,12.328855854089642,13.919231926355916,16.47930331568298,13.29231787876741,22.044848731317185,19.037394093306045,54.62874420511977,51.70590939890197,30.52697765568435,12.077891859939795,7.27389587187504,33.41270518953319,94.21570458408551,9.359956149614131,8.606658075577787,9.643204681981453,25.57570050913921,8.570688569110388,12.234303274125919,11.595970762357615,21.525823076590818,16.517117368778802,60.268157754386436,26.60880278742976,8.086819157870917,11.252937195032553,8.25644814423858,0.0,29.244866168375996,18.855004359962926,9.636833484978943,12.67734963843598,14.590630695915527,22.307711187650558,16.502084003383555,24.002869836935925,9.232867705528509,12.346001971099703,33.16275590569628,12.832901313231114,11.842404779147936,29.14239810850867,13.798645789909404,12.965220046251666,27.620906346479824,51.677111648066536,21.72547477259571,20.70649003086816,18.766179095516428,11.725621155562957,9.19610922807448,9.541128283986122,6.880598938863412,7.7064388766960255,27.90864054381096,8.496940482974844,12.81348362808185,42.026946422475866,9.527003376912777,11.103127058837801,17.60888417217692,9.833013633644935,41.49150260437114,20.188585498886628,19.12741054205247,11.937692743129942,18.770594811380526,16.396467589400242,19.86988344892368,27.370931515758294,8.593960563159417,9.539358703989677,10.367707872503248,146.8736960642386,6.401591386810181,12.534850678464583,10.549273773948988,28.25291606541597,7.420068369487114,31.715069505574117,14.078092522843681,13.782115403678247,12.537022301624482,7.192932644322678,10.282110173930288,37.901977923721084,10.605822661642964,8.508381429910623,15.218383944399035,10.647833954125238,10.3270169612183,11.542648989249166,13.896720087213126,8.71459324631287
DPLM.L,19.049901827677036,26.2261557821053,35.655827308147686,26.377240516487827,26.480630661254114,16.52996499195342,18.376415460637045,18.833700230747105,8.91825869844449,13.157596120372537,27.96216887438902,25.652756485193336,9.293044178629435,21.42428592183043,27.41142743908699,11.149718906418073,66.39340376160284,28.31299867988769,29.747552721559156,22.14898493048067,17.10990031821285,33.6108540088491,21.242362336211755,33.088284875162934,9.8062409121547,18.9212289424124,35.950926240367856,8.162916905226973,35.09185147555443,20.638623512163182,25.845448074500656,29.244866168375996,0.0,36.753644052926134,34.732361098322286,19.732783491184463,15.797547794852123,32.718508985183874,23.551710189327338,21.88672870807825,22.323058485268657,22.637445461797256,8.563576080228733,20.79943972639048,20.219007372293962,13.037928733826593,21.570185304181514,23.818409536532233,7.793921921143561,24.014699501446483,11.368171066107026,9.622663902844499,12.839651553225691,30.50830212744038,33.03441328902287,25.195632321718183,26.536665007125627,26.576006593392435,6.869130130777484,29.308794129100114,24.96249389561582,15.265722984820364,33.391901088834125,21.26881786226783,20.06100756196615,20.523208233598616,15.206652199670994,13.493753700112373,15.397247505618905,34.089707327981735,12.756008347679959,38.63048652709672,12.884233084114586,8.59438505884867,28.216954375213916,30.883186637264938,25.77264895046957,118.4478308746526,29.82652161899568,18.274441908279897,33.51134122653337,9.313836423314251,30.060661002832028,14.135573303268941,18.715945396416192,31.566368288768295,32.5716679430343,32.57027372989181,20.88815227351179,13.322391507456794,28.828746471042155,21.51936035450347,21.44915721811623,25.536169272372977,19.894553897488933,34.28356393786639,23.78822097361006,25.14911150819342
EDV.L,46.42492122999061,17.50064560494041,6.902061479587516,13.104490859342294,12.304740047535187,22.23156230719468,19.802205777015327,20.403753317410548,30.631479304689655,30.056850279835018,61.92198353291604,54.8074523025052,35.00314254744807,18.272575712973136,16.772027652993216,41.8715988010107,99.48321600603333,12.641955349790472,12.394312654022935,20.909313960506452,39.05696419521453,14.943649362866328,19.71115804291565,10.496835285414088,31.588566585748936,18.965109482221454,69.71195448462801,35.94853163297683,15.602204815758855,19.394122614829623,15.472593647804684,18.855004359962926,36.753644052926134,0.0,14.18675270391462,18.96747664340693,22.583592545749106,10.560712416139568,14.404891002643758,39.51198789672769,18.24561808100696,15.389831752172984,40.59308353292032,17.5140651812252,19.622804800413572,31.11032231069527,18.103096128749108,13.87755971734029,33.85913811364629,57.27098509698327,27.94248695348706,29.23536239198861,26.270082485031473,9.191427069858008,13.765692371965615,15.420607450761743,14.871106375722901,13.918845753198669,35.32869576226253,12.52346217119233,14.343388536516944,48.87302101228566,11.797855351303658,17.41279520976436,20.05726547432636,20.553396343162635,47.97974481286578,24.20070504452161,22.036927511991983,9.027137265625688,25.325152288027322,9.686367611935347,28.688984436381926,36.46928128348386,12.402468725027513,9.901174693069729,13.81854161864478,148.5186473532869,13.887186810343092,21.237623712906146,9.8333858808241,37.55998380196809,15.316317345161234,43.29037142247487,18.949115743238316,9.441594468028008,7.271800630508414,14.459626150284288,18.879129469623482,42.5817533495303,15.858606157881333,19.934012589692667,15.969022422999544,13.16794945664701,20.08551234019549,9.396050481148515,13.449517920173802,15.693068834565633
ENT.L,44.16082933893148,11.236405202266432,8.575143268163897,13.27741865738775,11.82852564300509,19.480007848810384,19.864471936408563,18.250904383400563,27.805785914638847,26.356038293129313,60.940079592906535,55.6544022751418,34.40866046174063,16.006466419874016,9.371590906236683,40.02059347763057,99.75124885947706,10.706281186115,7.993591206051477,16.70978811554106,33.735235617877414,7.1297426866049305,15.5056027463676,7.760330600242115,28.228638105689086,18.974783678853804,67.39523862277485,33.411639149851354,4.6132626554369125,16.47313788484624,11.057951934588038,9.636833484978938,34.732361098322286,14.18675270391462,1.6518123698891422e-06,16.87585594067622,20.04100230775537,18.852458056033047,16.892666016070255,32.530242198727066,14.656695063789611,13.802525448191862,39.11765332638492,16.99287267406741,15.803294135649303,31.807190403871747,15.946269171147092,14.285399170710384,33.2055773591994,57.237964868154876,26.88440595135924,25.884327697644295,24.701206451885817,9.849932729442894,6.032221496989771,10.801607986962292,10.045694755646105,9.783733660591382,33.10527657776514,8.244426846665693,15.234271953626143,47.68091939455096,6.468794568136369,14.798460026372828,21.010517229232825,16.239134041405972,46.663827885480615,23.79666633253046,22.385516539767913,5.9959136163886795,24.074845574484243,9.713427940016818,26.271862249341446,34.06494939105557,10.058338212369689,8.384125474241477,11.414432047511538,150.86439744903538,8.117663038684944,17.229756045092635,5.639947439642642,34.90523027188312,7.7210075620636225,39.51990021701321,17.994004409721256,9.604844376074038,8.958023318723782,4.71004395623908,15.797189716293328,42.734802881309484,8.653553195015293,14.732399392428578,17.52630505055311,12.793171666666924,16.02384405368988,7.109862058300255,15.240184135350114,11.992941966650834
EXPN.L,32.54796244107687,10.679438423307644,17.06089298688933,8.286215889390332,8.422930818665577,4.5862912071838835,7.907515505874859,2.9575638083962166,13.956882829057383,13.403652780743121,45.85680227081937,41.86323187012451,20.72055743689977,7.767207522933296,10.33226778689113,25.010343278097583,84.91330788566046,9.399810625535308,11.129671293515083,6.818321178900836,22.677808189136258,16.56313510071118,8.288036879340902,14.310344735410972,13.84134204198239,6.178672154555368,53.231319110668544,18.45804798814943,16.949764873771798,4.956402917460287,7.719199406306443,12.67734963843598,19.732783491184463,18.96747664340693,16.875855940676225,1.6518123698891422e-06,5.3481623888352186,18.974021973489293,8.568494287280231,24.06220736177264,6.154218912550506,5.644815517198419,24.588569451190114,5.0391623187359595,4.341968948333627,18.941309756447033,5.597198918976189,6.459364840455115,17.36328250902768,41.32053075041132,12.381268922237616,12.172224482554602,9.648517334796514,11.515067893271203,14.819007184412916,7.869014676412987,8.305023077568018,8.030380969847226,19.375929061463733,10.534509839125361,6.686564860404362,32.10401583156878,14.446595988605493,5.402026397005291,8.508111734545867,6.675604717370195,32.581943520062744,9.318067543570775,7.934058970989891,15.756416384397918,8.672803870011572,19.947111904313143,11.72240886776403,18.478082614894433,9.84068850723788,12.275708293985216,7.037090103287758,136.18445365359977,11.738289314566858,5.938440628795936,14.72323359476179,19.83250135415926,12.051827475721364,26.041279395300197,5.4147516852401,13.287167478329573,13.875355708132872,14.333315424494547,5.541772011338112,28.58409223431555,13.194063876911578,6.480485357798197,5.861613908412389,6.796683138374129,5.365831539922293,15.84296077544843,6.787912387871269,7.476145820028488
FCIT.L,28.14317214739224,11.961411058998534,20.8876858861754,11.978590540512647,12.307943962914692,2.0493994169176344,7.15237612085722,5.183270352049507,9.390378613729245,9.079752116379572,41.82737772715497,38.29995568136979,17.07360804605543,7.529329198523681,13.218290151961318,20.84645522349782,80.88199667136928,13.31765084262481,14.74501241770375,7.924590461237487,18.44053292520061,18.74197061337432,8.732060025171814,18.32106725220606,9.792072050532637,7.255407079375592,48.95738823567126,14.170352718962608,20.19007885676851,5.8731988070708585,10.940902257595347,14.590630695915527,15.797547794852123,22.583592545749106,20.041002307755374,5.3481623888352186,0.0,21.092160203630925,10.993646095029565,20.54871624576775,7.526821171601641,8.61938459733679,20.04709227728509,6.295113060881168,6.85231466665778,16.06069808192071,8.900437190780575,9.540119950480465,13.681612224448516,37.9538215594217,8.234055896948448,8.222686882071699,5.892200623478367,15.626492081120395,18.395915125793486,10.903879549529364,11.393199040929977,11.289097303807672,15.068530241350583,14.338553854097901,10.378713998219848,28.879578819841157,18.251146535774815,6.6487892320723,9.340269651971932,6.155376022527746,28.369647366173403,7.281332558383333,6.78288562423647,19.190613733754976,5.040061287375021,24.036366415457106,7.711770350731761,14.920116290576045,12.89148456422683,15.548452598019022,11.062916897511814,132.81713012310465,14.674665532719038,5.2975978280599305,18.424162247488773,16.079316155461495,15.53602236717083,21.613512332833412,4.754756372558746,17.327152837530118,17.688616527405717,17.631974459369356,6.147808165449717,24.339926250408038,15.227149710257978,6.910394923567713,8.247663142742466,10.41625896484254,5.181107341624422,19.254191906001903,9.683582856400571,10.32713528780254
FRES.L,40.08857882977361,18.554148783053154,14.09222868540979,16.296583512856188,14.023094074621545,21.44787349332835,17.56704084777624,20.62168450142082,27.133061443079047,28.274253625592408,56.928638909008804,47.5391131363901,29.148059836660362,16.55985570499645,19.144917197484183,38.163575252520594,92.87859420783909,16.923734841676538,16.355832132276625,22.761371860372336,37.58883007343783,19.25373519369588,18.54041626361496,16.71033036323303,29.69901483593704,16.998213025247505,65.60501992877902,33.423721272955035,20.754039921277048,19.840434111891483,18.081301090909083,22.307711187650558,32.718508985183874,10.560712416139568,18.852458056033047,18.974021973489293,21.092160203630925,8.259061849445711e-07,13.168599845536589,38.838523976345414,18.81071065780755,14.622961410117803,36.00495031585008,17.172356360309283,20.001971202182187,25.446104514263887,18.441172188248693,13.72221785349466,30.74146947227944,52.775107821494,24.217236627494067,26.22704111448978,24.629419460008982,14.24764917277905,19.18258606180111,16.797683633932586,17.5926031600547,16.34477015618101,30.585543485132593,16.252018407135836,16.607336297248878,45.0714467298229,17.99655106830068,17.033555701363632,19.961432160557926,20.567282659857664,42.113639873467555,20.96277585303952,18.805582721430454,14.380360968224387,22.90147325185238,17.254817895703706,27.25846124735604,34.27567193253954,15.954362843789164,14.386148783226998,15.589369683120145,140.81684530057726,17.919072995591304,20.46311042423351,15.638798003651498,35.26145318563771,19.056753942898798,40.781877380222966,17.225594278991913,13.201128895568987,13.19968942018346,19.116712636912993,19.04465815327997,36.50776180690152,16.11457992097609,20.341727062542162,14.719614677643573,15.395583648171481,19.844469438123976,14.97364875812914,13.368468009867886,18.222512076480935
GAW.L,35.168310940263645,13.591104803250822,14.137061472767796,8.365516082259877,6.962170854027119,10.919434279690117,9.593887443533282,9.971006258117056,18.371063879384828,19.091210518403326,49.04993426522623,42.662713173317094,22.21623862833938,10.0781053353408,13.369733476835153,29.191381839196964,86.62672895219666,10.43762628205072,11.976789892021873,13.314692275365738,28.501021919873036,16.464810050901974,11.201212715752117,13.308434905557048,19.296582861209345,6.175757789896195,56.88226732772659,23.241506638560548,18.28532771007056,9.893885395024395,10.542929030510198,16.502084003383555,23.551710189327338,14.404891002643758,16.892666016070255,8.568494287280231,10.993646095029565,13.168599845536589,0.0,30.660148470781998,10.92170386303925,6.227796072627366,27.673710035585533,8.029030969615023,9.989919685125464,18.356712508482875,8.72063694332155,5.612599438830217,20.771141685887695,43.99473591064833,15.416168236185642,16.45391959071555,14.372217126872009,10.088378371900076,15.387688983973383,9.503551980987726,10.964020893447252,9.77120533885892,22.60052792317809,11.548901458611166,7.0749558851773955,35.54251009693465,14.556908549458695,8.27238437982063,9.508879713650929,12.064745115297937,35.006902016593806,11.127041114557588,9.590908381187969,13.645162689864927,13.236485782456668,17.82424403657725,16.5483514062253,23.659358251477304,10.309769549961684,11.209975147167137,8.009823464257728,136.61285299355117,12.910620809776594,10.737323145492915,13.615699114273095,24.543800602315404,14.40235683580526,31.50920660682732,7.8196200433411365,10.937120985797808,11.518740290630076,15.5070290087914,10.3493665558185,29.857160325051055,13.09472727487837,11.907542863250335,5.73892024383713,7.287861270240658,10.820213604524834,14.581766354889343,4.4374561547263065,9.814873961850626
GLEN.L,27.148055480713296,24.16328201238482,36.73107472565459,28.903449343877625,30.362536734165374,20.68612039674532,24.372862737894867,23.122757032809638,18.292622728714935,13.72935913703397,39.02544422162044,42.5139032588389,27.111408795729712,23.79952687602395,26.559152927722092,21.86047146363477,77.9550112434667,28.824487740151948,29.693109854046863,20.76483923883771,8.475660509427223,30.02564587154257,24.323785395310377,33.693661151653686,16.331659970013895,27.111543852155243,41.46492954352365,17.83377890772407,31.434704614773967,22.48938620466507,26.425805843285403,24.002869836935925,21.88672870807825,39.51198789672769,32.530242198727066,24.06220736177264,20.54871624576775,38.838523976345414,30.660148470781998,0.0,22.542789006052537,27.337574946218897,22.606019459582633,24.16725433980371,23.658556949525263,30.014524083710022,27.05428044280013,28.42247113305651,22.803855706668642,39.81709544915058,21.57475498447598,19.523833434077098,19.320546004516988,32.38032661236769,31.481093524173616,27.15435421529132,26.022198726276965,27.012390701503957,21.50468802093334,29.516878768352242,28.41577647147385,31.491919986538136,32.26602860119986,24.09015576899028,26.665474228271446,20.167922693852436,30.480146765533476,24.990563414903065,25.73273779132276,34.221952065265626,20.869716130682196,39.275246771084696,18.732480385055286,19.281279068852083,28.0143933773963,30.917407087613263,28.49356917601696,133.63346408129777,27.86068743897835,21.43015932278364,33.23640732538742,19.41142254241847,28.661807237660476,14.286763228360611,23.810013956295144,34.5705975572765,33.98942114489172,30.194838237282397,21.70941667044021,29.433904399587497,29.491301774261327,20.880772830938064,27.707313501398634,27.89513733607098,21.01755617298925,33.94874194178585,28.729869307837735,25.704868049739318
GSK.L,32.66453183079703,7.426066286394297,15.942105689562512,8.21387093088333,8.857907951263673,6.795506139459499,8.708705150959712,6.737726722551973,15.389286397918285,13.418058154637565,47.8974650930411,44.04224389972005,23.206330388874214,6.634603057430542,7.582593425625697,27.265470180834722,87.17189557104588,8.083335212898577,9.061568950589862,6.294232831717818,22.180826701408293,13.812018116229767,7.532730819074841,13.070211465079348,15.352171761258676,9.712211700319614,54.573584577258536,20.518258296325595,14.281608703395625,5.223909374448493,5.9000509264572765,9.232867705528509,22.323058485268657,18.24561808100696,14.656695063789615,6.154218912550506,7.526821171601641,18.81071065780755,10.92170386303925,22.542789006052537,2.132480599880018e-06,6.997345319479089,26.29558507345297,5.840501511356478,5.88512386909884,21.944084102770763,8.158184988843542,7.898863483543673,20.22264220080067,44.54655600281986,14.723310672671158,14.070774523484125,11.576605598397053,10.8116949831885,13.045679420097724,7.244109382846716,5.534916321567033,6.253348639737026,21.10075917024348,8.549614315444027,8.372905947530118,35.13643745582175,12.635856970997335,4.491660111462677,10.720858802640064,4.074235143691285,34.76289728840198,12.30383093563027,11.133758152403146,14.052085922942679,10.986715503156258,18.604845686571814,13.94920721079922,21.0051917299759,7.696465949316799,10.286845861405281,7.614952894924437,139.06749145316778,9.22682342638748,6.364863976634099,12.901034948219712,22.10452857422571,9.485727971134276,26.671609342495223,6.896599645576567,13.175758739596088,12.71006572637897,11.912957308245854,3.8520227048783333,30.62770721377119,11.658189339423648,3.974200839999327,8.104604464010013,7.076141181343983,4.039962184191457,13.574190880260522,8.200605602121165,6.391301664040238
HLMA.L,33.837648117542635,9.121962233743108,13.46396055302297,7.460759983041819,5.170123561333661,8.448457260374889,8.444462420923008,7.4382020217097065,16.576836482712547,16.834649750572915,49.09581162689626,43.27794701544215,21.979019492604813,6.91156314364367,8.555022326096545,28.6106630337544,87.48450206192122,8.29084140321597,8.631109113034121,10.194231405285414,26.255425259760525,14.238467882265295,7.064629196967893,11.474560292183888,17.677646221711168,6.40632358564076,56.73849480629367,22.329900667348834,14.671287378235673,7.441313914709626,6.614526365976544,12.346001971099703,22.637445461797256,15.389831752172984,13.802525448191865,5.644815517198419,8.61938459733679,14.622961410117803,6.227796072627366,27.337574946218897,6.997345319479089,0.0,27.356682384019475,6.538666373136908,6.200171856842344,19.408235374003315,5.646651236283557,3.8226144761442673,20.806313836919962,44.60672002765778,14.805446844316336,14.629647422725528,13.419898069941546,8.727348909380202,12.569705667237152,5.360322460182562,7.11554925549838,6.096717224273665,21.470191236719074,8.0391557135356,6.99563113023534,35.4931625567561,12.153465383769296,4.967643394824099,10.452260536971783,8.401554912052541,34.718781492562954,10.8773311548132,9.020088600123351,12.068659021655593,11.911169648514003,16.51457441824164,15.558245584747917,22.759376192075035,8.078917107815846,9.4372016505436,4.840277422787033,137.97510059723948,9.952800384226402,7.510910091415785,11.492320294496974,23.86060683382456,10.102693479075043,29.918526886777315,6.246890762129596,9.393010265483296,10.522347433954472,11.98524829911873,7.066155581461669,30.464273531407603,9.242597948600444,7.7016405437247775,5.408364596635367,5.699201474818999,7.053547296283635,12.391916514452694,4.863746097924271,7.260192556910365
HSBA.L,14.671272443368897,30.05623708550704,39.97990342679339,30.930482504690456,31.16644153686111,21.04371961245338,22.47946976251772,23.627041796329856,12.241953273680211,15.68672252256693,23.293450054104905,22.306405755408694,11.127051694316926,24.793128752797273,32.05901411442411,8.409468594930244,61.840964631437416,32.87963070181891,34.23626302056332,26.267939443073956,16.749226837412568,37.08551601217943,25.347372036735162,37.8254437513885,13.652155162362021,23.35172673096802,30.92134315740514,9.437662218489258,39.526433806458634,24.77662389732104,30.444175410523197,33.16275590569628,8.563576080228733,40.59308353292032,39.11765332638492,24.588569451190114,20.04709227728509,36.00495031585008,27.673710035585533,22.606019459582633,26.29558507345297,27.356682384019475,1.9073486328125e-06,24.57485471093221,25.510278926191834,15.330774708373701,27.059366020046074,28.179369789002507,10.892044185519262,21.44294058661236,13.934148540377175,14.722074909592843,16.597006620721498,34.97389641498651,37.765817644446045,30.053738120588445,30.807971983825706,30.855435968922446,8.481769091953957,33.80303893301297,29.094964092937374,15.435046622472953,37.95452356548364,25.413996559691917,24.214807878804653,24.121476749652462,11.335825270633736,18.270310788855753,20.20597519963471,38.266710062392434,17.056069252726278,43.38635670893896,16.226173025163472,11.197058956929451,32.257953071621984,34.75812923949191,30.279302277840692,114.82311029864417,33.88216096291893,22.859002248376793,37.87637873060244,11.197211158661446,34.78640774982943,11.980168533902338,22.507210584622165,36.3824844230834,36.85246534167885,37.100531856221394,24.88340024612403,8.157235486268952,32.919293254215575,25.485307198528485,25.55199332708753,29.7999359813055,23.97689062121494,38.40885774706172,27.864817826884746,29.458104639388935
HSX.L,32.242384478103695,10.51530495509955,16.34742318657891,7.7279975741244415,8.73541848563903,6.055186924515121,6.531060837636806,5.7159061902369634,14.322211540732185,13.234779374276506,45.97228533068281,41.795805563490845,21.300822153368404,6.628991227554516,11.522319360166922,25.31986164135669,84.83009594203259,9.174582368741788,11.393243520303004,7.7507094728392545,22.490648635093354,15.31252502820496,9.051279788792339,14.553596950473056,14.56354521267655,6.798143649554418,53.230663651811895,19.06672992502313,17.276961214884526,5.078294251505135,8.659164153017276,12.832901313231114,20.79943972639048,17.5140651812252,16.992872674067414,5.0391623187359595,6.295113060881168,17.172356360309283,8.029030969615023,24.16725433980371,5.840501511356478,6.538666373136908,24.57485471093221,0.0,6.937264061358944,19.20500186101677,8.53471763156613,6.399133179108788,18.163684264366747,42.14767590840256,12.462473491210133,13.275127933843798,9.486625698877585,11.359711925411162,15.07381599458934,8.952006700032703,8.354935794777829,8.10435936506983,19.811679553620053,10.971760819933973,6.544052091972205,33.502591380830474,14.595701552678198,4.861463035888761,7.929649245208372,6.251958930361878,32.983332802512045,10.141516385300704,8.750827580442177,15.064368581281528,9.207686057231257,20.089358082681677,12.474392780151957,19.69197512516334,8.847423815230188,11.30226483047223,7.94359936919148,136.41503913977718,11.03284520440708,6.603358842356034,14.440627214096285,20.87592741003434,13.058369718192983,26.17166366252321,3.9731776437358586,13.84684768837815,13.066533396752442,14.629013752570108,4.639574513815725,28.25468587263634,13.503251045286081,6.805587462982317,5.288501976292753,6.204302120527958,5.634039585275362,15.32865524326954,5.53426423754047,7.135223278672906
HWDN.L,33.0046219239608,9.994333309162027,16.863933526049784,8.150746750221733,8.325672045394636,5.609204376349128,8.112418054485504,4.891472670492967,14.558159226931693,13.89008881182058,46.77677719695386,42.7402799190321,21.579119718758708,9.16545037901428,8.570289577080096,26.48507361737733,85.79508319901696,9.044907019684251,10.450312542381774,7.535150107146238,22.68236655929396,16.042328482430232,7.981481315622603,13.477607016528447,14.13232780073471,7.844210831381335,53.74224153606314,19.513832593679542,15.928037175546871,5.787594542174445,6.663489656504761,11.842404779147936,20.219007372293962,19.622804800413572,15.803294135649306,4.341968948333627,6.85231466665778,20.001971202182187,9.989919685125464,23.658556949525263,5.88512386909884,6.200171856842344,25.510278926191834,6.937264061358944,1.1680077279964342e-06,20.037497795337945,4.521187937644553,7.970797758320436,18.48948406278081,42.441259805630914,14.340801085987037,11.958550379778597,10.693985724757798,11.635131303215074,13.485260919133106,6.537152517148453,7.577107133824976,7.820839374781543,19.881481115171923,10.001702142560248,8.71705532752729,32.69388760631135,13.764264057410513,5.444472132121424,9.396825462254352,6.86341808472462,33.48139293768167,10.005946530687993,9.240917967507908,15.30227027328454,9.892241708337428,19.283221538746577,13.08993067175892,19.462010800673784,9.757838544391372,12.611904362613707,7.700232278366682,137.21694355529488,11.33152876597177,4.6515367578853635,14.173933938745048,20.562841972160438,10.637936997731371,26.526329136726876,7.230432862338954,13.124104883335733,13.973888035249702,13.20753108129112,6.069380502445402,29.849928755929486,12.567193754490784,6.271148624562683,8.115011300499418,8.071891469472387,5.4498328645510075,15.518420163849024,8.41912982234998,6.893898718368322
IAG.L,23.205322515076972,24.59314361599307,31.078807011675913,23.99966772584527,22.792025930003334,17.18744337439089,16.435450152868302,18.89240597436685,13.025763993546837,18.81517177358636,35.08940642432005,26.918543211449855,7.906637060297714,18.92105022762366,26.139423915430786,19.017803592656303,70.8653747988421,26.44816164731716,27.162621035674373,23.35345783766462,25.512385913467092,30.95686246746649,19.136185413963993,29.83061903190524,16.752433448935683,15.401919146327367,44.3400518329275,16.31860375746739,33.337537115353534,20.200226966583408,24.187672483306567,29.14239810850867,13.037928733826593,31.11032231069527,31.80719040387175,18.941309756447033,16.06069808192071,25.446104514263887,18.356712508482875,30.014524083710022,21.944084102770763,19.408235374003315,15.330774708373701,19.20500186101677,20.037497795337945,0.0,19.667774884452466,19.992285024265737,12.8130304415904,29.553545335673455,11.421101130638695,13.241032184694898,15.488129186674268,26.82762999702646,30.98961374419095,22.91286525354275,24.93797030645893,24.267089324247824,11.905980257032597,26.828675466195886,22.14809883679595,23.162890567964492,30.783606379105425,19.364146714537217,18.52850155610852,20.79551588680334,19.566362443132864,11.641162165167877,12.841804086623721,29.964590634497956,14.183850377537139,34.385017095025496,15.81093452410209,17.489861614933783,25.700875589017198,27.463209810792673,22.791877421141084,119.93453249974132,28.083497682699107,18.345175468492904,30.036550464863314,17.98705889064605,28.62717626573065,24.42122438446012,16.370872176827504,27.122270137536788,28.45745488691023,30.67320708874308,20.765376398986064,14.772819249492098,25.082410662052215,21.599844420623352,17.97063016603436,22.874751244174437,19.825602160826037,30.428136175705138,19.780225892912704,23.61527431944785
ICG.L,34.72569302585964,11.13466804670742,15.707721713166901,7.787489028151644,7.040200816630533,7.9407699564647105,8.784352739318171,6.665218040862828,16.47053713674007,16.805945752859152,48.33471149241547,43.33817582237633,21.91826920707642,10.305382763357407,9.349312084326113,28.22488448683415,86.91826393030597,9.207323068154372,10.094726518523084,10.055942899790917,25.88382855805515,17.060497328738983,8.894018313836114,12.475733327324946,16.5986519995078,7.514604278520663,55.92035725038189,21.47484895994619,16.416616866070115,7.920613026042855,6.913111410305327,13.798645789909404,21.570185304181514,18.103096128749108,15.946269171147096,5.597198918976189,8.900437190780575,18.441172188248693,8.72063694332155,27.05428044280013,8.158184988843542,5.646651236283557,27.059366020046074,8.53471763156613,4.521187937644553,19.667774884452466,0.0,7.069577925496478,19.408743490496025,43.199572054074764,15.569162634251184,13.838974762188121,12.874937245532564,10.374426618515294,13.760828450957007,6.666356261979728,8.627789149057973,8.208257423766259,21.30785243192778,9.746705310244247,8.214870198680192,33.64047127182371,13.354858603374476,6.9644398131511815,9.510377615219008,9.904277468854373,34.51487273726729,10.45936699768286,8.971731748033521,14.687767953140398,11.311649001191812,17.722673816399222,14.750000848119571,21.293009491711924,10.004407198510751,12.428572077673788,7.3792902477313325,137.3095911246399,12.430523844790152,7.936652595835681,13.576770367934458,22.470281372603527,10.935915444275594,29.171951109528024,8.505107689211474,11.147873839546461,12.960084915975866,13.642626747804607,8.833732958073357,30.75349161165907,12.66065292759264,9.212573323846296,7.688263478933429,8.012868937092719,8.351518827283904,14.735610261042904,7.645349472188396,8.350117023469965
IGG.L,35.03339680839249,9.580023413922257,12.758206358993416,6.8087441651121114,4.982463194006037,9.446400570624203,9.039102829735436,8.021600349480089,17.580091281793628,17.768517400545782,49.79637359398397,44.09750894328016,22.848973967791267,6.834395326651599,9.799576075284982,29.094515177033283,88.23305297802652,7.84383414130727,8.36101477683452,10.506678768638904,27.316703062593287,14.365970320225285,8.341061226329058,11.14957802269779,18.73238360464911,6.848298011264067,57.677133019922096,23.02431334004705,15.193738648338362,7.756687906774326,7.195653346779378,12.965220046251666,23.818409536532233,13.87755971734029,14.285399170710384,6.459364840455115,9.540119950480465,13.72221785349466,5.612599438830217,28.42247113305651,7.898863483543673,3.8226144761442673,28.179369789002507,6.399133179108788,7.970797758320436,19.992285024265737,7.069577925496478,1.3486991523486091e-06,21.383300556992562,45.20408899556369,15.138083892620735,16.366011856615067,14.07864089654608,7.797351882670632,13.064470502679528,6.346148313451028,7.384866666341463,6.212741939653839,22.554414076217363,8.118791867662436,5.343115318524657,36.41141816562617,11.749137795975969,5.808689592128088,10.875579253564538,9.329920650220487,35.517729785897984,11.785030322655603,10.093287758487126,11.772119664648576,12.82885971092636,15.90180353442871,15.755769530644663,23.515366821447422,7.334740599725213,8.686986631776751,4.87120700722386,138.53219311648184,10.327758665208078,9.395724656727753,11.241327118649568,24.837462949665174,10.946601743821633,30.798373429403192,6.666388368396259,9.213567319072492,9.594473450258938,12.688948919579166,7.744078034390013,31.016140706252237,10.365147332356715,8.81546982959282,4.983002253862447,4.302140042440512,8.209502020982898,11.643673784393343,3.6758648840289396,7.72776636109891
IHG.L,23.120170034485824,24.79113020766206,33.22448612878075,23.49497737869903,24.211701523079945,14.179592459436003,16.030193810276508,16.404971226036203,10.056788542963448,12.696822968361383,30.705049918966182,29.01567137152754,11.752116187886744,19.882285176006615,25.938530857381785,12.449652463406789,68.97059951527787,25.693189998160932,27.55351780808804,19.442031498101645,17.79695966788101,31.787371378658946,20.465100464432883,30.69537539438327,9.593799346957736,16.889765785065688,38.421015996882375,7.58227924050829,33.464113879886504,18.16084330137145,23.47803808748359,27.620906346479824,7.793921921143561,33.85913811364629,33.2055773591994,17.36328250902768,13.681612224448516,30.74146947227944,20.771141685887695,22.803855706668642,20.22264220080067,20.806313836919962,10.892044185519262,18.163684264366747,18.48948406278081,12.8130304415904,19.408743490496025,21.383300556992562,9.5367431640625e-07,25.531000302848568,10.085843612357868,10.44294163143348,10.056943577486571,27.758489047623314,31.23006653270189,23.605282160913273,24.39934987078858,24.376396876057076,10.67757424559459,27.154138681145884,21.483866729627394,17.347185252394997,31.09534777227889,19.31479436758169,16.33426858374457,18.80369244953568,19.027879335698703,11.965210224338504,13.072751092601353,32.015260118693476,10.121561665159687,36.25390721268103,9.826709479323647,7.481504200441916,25.569446067243977,28.3748688753779,23.606574399874972,120.97233647376363,27.752188947313144,17.08191230422867,31.296341183027522,8.086080980726644,28.311572493209123,15.584842137483774,16.64416884153495,29.266906351787547,30.04612480096555,30.781908221107045,18.967323280286514,15.298518551262392,27.994044944454586,19.958285602356774,18.649677346713155,22.80445848152591,18.236738060794217,32.06268681017975,20.90268905670569,22.751374274934953
III.L,28.98909406876171,48.79008780798925,57.15062699109918,47.613427516469464,47.90436312725216,38.57402444399168,40.02601398281605,40.167266987456095,31.073087521090212,34.54687721712779,13.796155724352392,20.28194350098689,26.53947656671526,43.474865772635084,49.911220264626444,21.05404515177792,47.285258375627876,49.966118013506424,51.8145174509356,43.60396670728224,33.97456510966753,55.840487864386155,43.44200641246722,54.80277751891939,31.0553877894659,39.794097849745995,24.140735956188436,25.96347042899834,57.63805865210751,42.27123183062421,47.90560195553785,51.677111648066536,24.014699501446493,57.27098509698327,57.237964868154876,41.32053075041132,37.9538215594217,52.775107821494,43.99473591064833,39.81709544915058,44.54655600281986,44.60672002765778,21.44294058661237,42.14767590840256,42.441259805630914,29.553545335673448,43.199572054074764,45.20408899556369,25.531000302848568,1.3486991523486091e-06,31.916540283505576,32.55731586548307,34.08912112984298,51.84915815324582,55.31005643855916,47.535837763641936,48.713679974018284,48.66837131887487,26.90468482343191,51.31064150892072,45.38231798889871,13.245405970162777,55.37558772661127,43.49775219606837,39.99574356208679,42.71541410249454,18.070861892059916,34.6530301294365,36.65278425271907,56.07486634129657,34.49149924488866,60.22650439468761,33.00486832383091,25.041434822505753,50.0921589554833,52.64870383425742,47.26277212310961,98.21539821536454,52.00860163303288,40.814374189871394,55.5233300998853,25.001589866640888,52.44324717727142,26.446010448056587,40.445064089078244,53.0441005345413,54.05657284381639,55.070306554615414,43.14334476342182,20.81517766279339,51.27867658518158,43.89223623097908,42.24686528892529,46.90870033786296,42.26846514636827,56.26076092332055,44.75818910301862,46.99068666116535
IMB.L,22.50653182203872,18.267126111957623,27.274460870418856,18.964181471632703,18.652240731140054,9.76794067544935,11.97817619863141,11.921911906915373,6.064902788941396,9.61608616143349,35.55452443628275,31.633539918995222,11.181976152290307,12.044952427209472,20.361454745162575,14.86326250380703,74.27867542799626,20.63486599936697,21.710123662253846,15.122523036896622,17.82879013346449,25.300658083509298,13.554614353037435,25.350539386169697,9.235956492102995,11.139050774114244,43.701851021176786,10.234104030308632,27.38432713602925,12.894610546121642,18.413227268963247,21.72547477259571,11.368171066107026,27.94248695348706,26.88440595135924,12.381268922237616,8.234055896948448,24.217236627494067,15.416168236185642,21.57475498447598,14.723310672671158,14.805446844316336,13.934148540377175,12.462473491210133,14.340801085987037,11.421101130638695,15.569162634251184,15.138083892620735,10.085843612357868,31.916540283505576,0.0,8.325391442948057,8.035615478485127,22.293943994858335,25.793760691440497,17.815483603042782,18.68661728289502,18.401788645020016,9.580778796014739,21.32577441196928,16.460544301123864,24.00488344269983,25.424687860113156,13.412169647878086,14.455411824931362,12.795164154566708,21.435351135188544,8.073220256533352,9.520654061356433,25.696431865232807,7.4143869626577095,30.65532648415897,7.588791321205079,11.769217466901486,19.907854299350106,22.06785053255685,17.501466623476468,125.84180017351271,21.83663030114533,12.108985180968132,25.29139541103525,13.351298818955433,22.853466331509377,18.346015811498127,10.128661400073197,23.668064866400748,24.0706315695549,25.002926143252314,13.133678946983833,17.26640310555193,20.745855449851284,13.85023002764479,13.108535044802514,16.968981710820348,12.272138534489939,25.66634254747583,15.319568658905986,17.760997598095003
IMI.L,23.075606577910786,17.96759556045027,27.330729765165305,18.4894648270048,18.41852687429583,8.832163572997226,11.336931110786649,11.615405711003742,5.636757470383587,8.738623560203663,36.10670944952634,32.65990511946213,12.38804577460808,13.994339938597381,18.83728077823839,16.903673606057957,74.71844829224298,20.111181801230934,21.36614968477848,14.70784409405512,15.93502117184204,24.829522085914856,13.31124911709367,24.66237504737948,6.470924427360508,11.803198289477631,43.186250449542555,10.586076839306891,26.303669004113985,12.700832674034041,17.418741072150013,20.70649003086816,9.622663902844499,29.23536239198861,25.8843276976443,12.172224482554602,8.222686882071699,26.22704111448978,16.45391959071555,19.523833434077098,14.070774523484125,14.629647422725528,14.722074909592843,13.275127933843798,11.958550379778597,13.241032184694898,13.838974762188121,16.366011856615067,10.44294163143348,32.55731586548307,8.325391442948057,0.0,7.50013155121658,22.439853157499066,24.316210823837014,16.68304269034329,18.075200003994922,18.113872688237958,9.309546929996841,20.957585589768204,17.721099923913485,23.22483169687178,24.867903998877292,12.973593681105374,13.601840116552813,12.416967835319305,22.663079408707613,7.765947995989642,9.552273204443384,25.498335230498853,6.932094309053905,30.345902276507527,9.014171474898843,11.330711554560649,19.903507296881696,22.598074848679655,17.763910260124476,126.87969108014221,21.275682132729237,9.602053931850694,24.933105606365572,11.864521596865993,21.50578924537131,17.593610857921064,11.177911717413862,23.51451027474417,24.402144518588234,23.706892769091816,12.949451847496215,19.579385168529754,20.35353423083885,13.203396653497341,14.616383708311021,17.72630334837942,11.649454635050319,25.955417542903728,16.332247747811454,16.77503794514129
INF.L,26.4216674661763,16.641608131404645,25.09190149325389,15.240371460359762,16.607331323979178,6.0187336999114684,8.964405914742487,8.605314793056223,8.2101071366544,7.244995691789576,37.795023594256584,35.585540231199694,16.051800286595917,12.194963551835043,17.87390697601618,17.703552597605103,76.92279878137171,17.10076564002571,19.35579702352847,10.958302663707164,15.76732499416953,22.75875746477323,13.376970592618807,22.598018260568082,6.761697172573476,10.667713500738042,44.50857564455766,10.57743531294928,24.837850652540236,9.829804606791779,15.339465215921072,18.766179095516428,12.839651553225691,26.270082485031473,24.701206451885817,9.648517334796514,5.892200623478367,24.629419460008982,14.372217126872009,19.320546004516988,11.576605598397053,13.419898069941546,16.597006620721498,9.486625698877585,10.693985724757798,15.488129186674268,12.874937245532564,14.07864089654608,10.056943577486571,34.08912112984298,8.035615478485127,7.50013155121658,1.3486991523486091e-06,19.829388156796714,22.56112357143949,15.702459962922749,15.754785584130262,15.954749154755387,13.40725592656694,18.952118300360514,13.95547791266254,25.332104077799492,22.63957401095982,10.977693223675601,9.507678552445098,10.064461166574416,25.947901008687808,8.209887808375735,8.466170492473506,23.625939205818824,4.251484774918446,28.475032830769806,6.5008446877201145,11.392144684058655,16.96741559571875,19.86267960561515,15.771680940398344,129.44162450136557,18.719148538551345,8.686203432723232,22.895353222063044,12.38560299052111,20.109909849441397,17.910336845421792,8.614565588957639,21.96185360150572,21.857885843293474,22.159990083005535,9.975490400028086,21.52520098258399,20.38836256133527,11.368102807864627,11.662083245935431,14.545129451904286,9.66993842709564,23.8428980661171,13.398063487930958,13.858526131907288
ITRK.L,41.65493223170755,10.724907024124937,6.392366173130299,6.082785717271295,5.254362404534263,14.913733693876189,14.264498550533753,12.880806303874042,24.239856246239253,23.308216609641274,56.57549256437832,51.060070083673395,30.007855228617828,12.448510492224539,8.836745211049937,35.85305339359618,95.21472633207343,4.9487446764671095,4.7412181902143695,13.103683626906468,32.14074008717096,11.206188683098187,12.923777611391463,4.636921777249738,24.525489755986975,13.158084789866423,63.89618613563197,29.312793127348428,10.546668148381418,12.053371351659095,7.012559481595215,11.725621155562957,30.50830212744038,9.191427069858008,9.849932729442894,11.515067893271203,15.626492081120395,14.24764917277905,10.088378371900076,32.38032661236769,10.8116949831885,8.727348909380202,34.97389641498651,11.359711925411162,11.635131303215074,26.82762999702646,10.374426618515294,7.797351882670632,27.758489047623314,51.84915815324582,22.293943994858335,22.439853157499066,19.829388156796714,4.76837158203125e-07,8.18101510547987,7.652659370654674,6.911333570352063,6.02607859704324,29.48044465794645,4.689159109113143,7.731642778174269,42.71417345850474,5.819133589486201,10.497755498822167,14.38301960228753,13.361610185851605,42.76730926272772,18.337262662211433,16.402734206290422,6.4389798036006844,18.918466306835974,9.09203690509802,21.814935055364188,29.571839071916965,5.319183705215241,4.660227530167466,6.224035696029056,145.45946769150513,7.670568086496867,14.043862039517554,5.117128360009534,30.687616630612,7.767458407797854,36.57768710170799,12.912812538942758,4.655368599411226,3.5067840761897537,8.351900046189073,11.99740186956191,38.15596885082718,10.60861637595224,12.41919418411756,10.56415369291553,6.167542337773951,12.771436679439763,6.1631671769389715,7.998370329676142,8.194497416336699
JD.L,43.8091279840276,11.500520737667703,8.367660752850218,10.174862695189123,10.221567344549053,17.574606425981486,18.004196565998516,15.917311479640528,26.67762462301188,24.748943926468275,59.41746027488053,54.80440918556,33.51711964988713,15.791099419396867,8.575977215472916,38.56714707746256,98.32444786896926,7.685372036231696,6.835448313030969,14.375017466917361,32.24867590100052,8.209941650392123,15.20964472332358,5.774418831678151,26.357015356971107,17.419827554931615,65.61860130610083,31.691452544681482,5.800812624923968,14.82463455138056,9.248581286140498,9.19610922807448,33.03441328902287,13.765692371965615,6.032221496989771,14.819007184412916,18.395915125793486,19.18258606180111,15.387688983973383,31.481093524173613,13.045679420097724,12.569705667237152,37.76581764444604,15.07381599458934,13.485260919133106,30.98961374419095,13.760828450957007,13.064470502679528,31.23006653270189,55.31005643855916,25.793760691440497,24.316210823837014,22.56112357143949,8.18101510547987,9.5367431640625e-07,9.21744681235278,8.399658206665475,8.486139963501484,32.03452039125995,7.148630879478088,13.141952959024211,45.400780914233636,5.151307430333606,13.52055143569108,18.363014758068058,14.952336334435843,45.75089879211459,22.019670092970014,20.64574595859302,6.555847451210115,22.203814918823273,9.901008018268005,24.6464882063551,32.062855816298885,8.372520492116548,7.825972885960427,10.140687308910133,149.6206996743387,6.649212609357599,15.30018735911915,5.464909739386584,32.954664554338855,6.684169815512119,37.89836604507386,16.583847410794874,8.979522383824452,8.092126372389954,4.348382285507015,13.996902156594967,41.70017907857941,10.522284513702964,13.5009027118916,15.728738480461198,10.737733228761865,14.585379695985065,8.029887481714727,13.491542621111488,9.606277649753437
KGF.L,36.39078555831213,7.206469942565276,11.942364179913072,6.9873434331553055,5.4901774421482035,10.347893173540145,10.912176819080381,9.124221097389565,18.784111639334295,18.25594014100228,51.770259350348354,46.68855233818964,25.06900757691735,8.860840486669197,5.7635764820349715,31.036530770785795,90.5921753386084,6.535505474735209,5.7844049929675645,10.022815595814142,26.97152752572232,11.875522481227803,7.747984228677905,8.854802503493232,19.248149702262534,9.722825294058675,58.94687597361506,24.439988892024367,11.500619877754948,8.292094108093352,4.690179915338727,9.541128283986122,25.195632321718183,15.420607450761743,10.801607986962297,7.869014676412987,10.903879549529364,16.797683633932586,9.503551980987726,27.15435421529132,7.244109382846716,5.360322460182562,30.053738120588445,8.952006700032703,6.537152517148453,22.91286525354275,6.666356261979728,6.346148313451028,23.605282160913273,47.535837763641936,17.815483603042782,16.68304269034329,15.702459962922749,7.652659370654674,9.21744681235278,0.0,4.863382272956915,4.496353953713335,23.878552224432415,5.965199102718489,8.547757022677866,37.880761971687406,9.17418813557362,6.381350760568476,13.058581506416985,8.90269947609279,37.48518584369539,13.84157561697852,12.94511487257689,10.044771330509912,14.803296701455416,14.203043440810303,17.362790737417964,24.883855777317983,6.426603509062786,8.310927282913251,5.244817100768722,141.45471417098173,8.163555380382086,8.532023649847474,9.184313764358258,26.04036241965166,7.15033141380301,31.464220086473897,9.318194129783175,8.714453577866081,9.432378004723514,9.04398656316236,7.944236795155979,33.70267329697878,7.763493978542972,7.522465612939252,9.294488528064608,6.106973549652352,7.847927901689747,10.267089648794734,7.7461482281265805,6.3167828239652835
LAND.L,37.10985139589524,6.028929383159698,11.476160440434347,6.24727670532314,6.509403627742093,10.608749074861517,11.668786103678599,9.22205276924436,19.650575721992087,18.02214870783533,52.528797326824254,48.22286107902195,26.991495506354347,8.739277552784909,4.500177894376637,31.623560641250307,91.76386899499067,4.590309006230922,4.260999132191085,8.249629544001554,26.31817309083418,10.167339008777791,8.809718569838832,8.292056555283981,19.688604188028847,11.578285810471264,59.15973830832487,24.82441406197641,9.945835365201791,7.847022623476646,3.2664235225921048,6.880598938863412,26.536665007125627,14.871106375722901,10.04569475564611,8.305023077568018,11.393199040929977,17.5926031600547,10.964020893447252,26.022198726276965,5.534916321567033,7.11554925549838,30.807971983825706,8.354935794777829,7.577107133824976,24.93797030645893,8.627789149057973,7.384866666341463,24.39934987078858,48.713679974018284,18.68661728289502,18.075200003994922,15.754785584130262,6.911333570352063,8.399658206665475,4.863382272956915,1.3486991523486091e-06,2.506140984887346,25.305220577295188,4.093311861051743,7.781174254684375,39.16140668468309,7.741748132614527,6.380501961131269,12.945973184807153,7.615514084421667,38.992772360097874,15.598609958761514,14.322561237173579,9.53544952234025,15.25691302117016,13.923459242565663,17.70890399187667,25.274720051700033,4.086360917300284,6.405314550509229,5.247708014028341,143.25775995888026,5.853403309555448,9.237798213501017,8.120200836689111,26.340904067441986,5.439625797554622,31.23248373841702,9.73064553072242,9.477415620093359,8.69268662162919,7.594791938325226,6.9500083335345355,34.907831521378384,8.962290252159779,6.426020689621322,9.611244718550754,5.611300300831055,7.3274410725099095,9.140820027457982,8.17410460414586,4.724077580628011
LGEN.L,37.215488951571224,6.637920931309378,10.58661791607326,5.868416874061855,5.2894534275656815,10.658843449430767,11.485639751551744,9.333377526731066,19.66615639001853,18.517310138378644,52.6206068313869,47.91181710725621,26.597940774136507,8.310907463091496,5.368240935309224,31.664069410936015,91.63557191294916,4.65552520108756,4.30326312809283,9.025619309342627,26.938230936082313,9.925779190784308,8.833414081207266,7.791749516497806,20.0224479128329,10.648399960935015,59.51455540338483,25.020327003039114,10.058173605114952,7.762057587375872,3.37685576075332,7.7064388766960255,26.57600659339243,13.918845753198669,9.783733660591377,8.030380969847226,11.289097303807672,16.34477015618101,9.77120533885892,27.01239070150395,6.253348639737026,6.096717224273665,30.855435968922443,8.10435936506983,7.820839374781543,24.267089324247824,8.208257423766259,6.212741939653839,24.37639687605708,48.66837131887487,18.401788645020016,18.113872688237965,15.954749154755387,6.02607859704324,8.486139963501484,4.496353953713335,2.506140984887346,1.1680077279964342e-06,25.23383867778511,4.043571421833775,7.02693863660157,39.32040252695049,7.439688075645302,6.159163837384268,12.6461804860164,8.247676117125918,38.84521960929329,15.243913655772621,13.837073793042713,8.648379345983168,15.14809448399471,13.408750818847187,17.719160599217396,25.50310881201408,3.907766021336536,5.561987605907274,4.070671786922228,142.89792190764737,5.822846046658374,9.525939079362953,7.4576128476657075,26.52294417100322,6.148791251817016,31.75087992866803,9.247089557250616,8.162849408718149,7.8165934810108295,7.49920851514047,7.410818344315671,34.648000195225904,8.257106968364065,7.104136072985286,8.999209496409835,4.724634858055297,7.699830516541427,8.60718153645645,7.101256240898072,4.73331926854077
LLOY.L,15.92737051966151,24.24772418925394,34.30573029866276,25.8970036957318,25.41420773092372,16.232765917484997,17.409682606460116,18.73011346616215,6.795335264340328,12.59189115739439,29.389774140415163,25.35134971023462,6.794548612398065,19.2412211702941,26.058432825080136,11.872822604921312,67.66738999912127,27.6301843624601,28.367549106334593,22.00437645317937,17.056863637374043,31.879301832145565,19.183053567864956,32.07015347064862,10.636990807467429,17.802520011655606,37.827336065039844,10.024388369978077,33.64372221971049,19.752010246102554,24.912984254384426,27.90864054381096,6.869130130777484,35.32869576226253,33.10527657776514,19.375929061463733,15.068530241350583,30.58554348513259,22.60052792317809,21.50468802093334,21.10075917024348,21.470191236719074,8.481769091953957,19.811679553620053,19.881481115171923,11.905980257032597,21.30785243192778,22.554414076217363,10.67757424559459,26.90468482343191,9.580778796014739,9.309546929996841,13.40725592656694,29.48044465794645,32.03452039125995,23.878552224432415,25.305220577295188,25.233838677785112,2.3360154559928683e-06,28.042406406818916,24.42467783427472,19.051965678205818,32.27723436045047,19.93241093550576,20.78010279939007,19.102278053486895,14.306601639186844,12.77090420325104,15.263891569179913,32.442831170592584,12.828887542852542,37.37094653888926,13.254499442519544,11.415814655810609,27.028964342777655,29.465295170244655,24.650826354113242,119.52117178884649,28.673215943517985,17.48570805230667,32.11359874331327,12.471990757172497,28.85840293896332,15.262508382998597,17.387156447504463,30.42475820442465,31.315832771294193,31.31426307862098,19.827676373917964,12.41655548391637,26.518319223478258,20.147750678539662,20.61060301909562,24.622657999430487,18.680358980550224,32.58297618781257,22.77424244335305,24.518061014710593
LMP.L,39.694830797888834,7.83177000146646,8.86164560563397,7.279657207669709,5.990174566370394,13.594647145866032,14.102613271148982,11.736555495104845,22.637585767819207,21.401322729622805,55.48425190849999,50.406709384933706,29.16922067953594,10.84265646722589,4.747918818912034,34.637851585907356,94.54536937066224,4.984460617117795,2.1883363705321535,11.31593088473276,29.96587627380931,10.334879554028703,10.553197494660134,5.769363666573678,22.95343173277597,13.18925849070139,62.49729554229285,28.000691935650032,8.245524212275283,10.78923712754582,4.923760293846358,8.496940482974844,29.308794129100118,12.52346217119233,8.244426846665693,10.534509839125361,14.338553854097901,16.252018407135836,11.548901458611166,29.51687876835224,8.549614315444027,8.0391557135356,33.803038933012964,10.971760819933973,10.001702142560248,26.828675466195886,9.746705310244247,8.118791867662436,27.154138681145877,51.31064150892072,21.32577441196928,20.957585589768208,18.952118300360514,4.689159109113143,7.148630879478088,5.965199102718489,4.093311861051743,4.043571421833775,28.042406406818913,0.0,8.65813819513157,41.776673329120264,5.556827172047111,9.12320437272204,15.04217568659915,10.98137689378816,41.582196847504356,17.79781278203822,16.162870312835654,7.37244449223683,18.046749146679897,10.583503805533702,20.788556038850082,28.266540261140985,5.134465135487198,5.148070340291038,5.295026611384248,145.3237504795863,6.146010512851256,12.31031145034135,5.465868943796118,29.44135316066933,3.79595281777363,34.6828722369042,12.315243223550354,6.496403864158061,6.3169087265782276,6.247599068366233,10.15841892501041,37.496051070378805,8.406115291325893,9.710996847161194,10.81307036760646,6.6982313452888596,10.569697867859134,6.229635470681955,9.176960600106652,7.346550356051191
LSEG.L,37.20805076049697,11.49961671083107,13.145495559291911,5.720430519406679,6.5152293518390625,9.69207889412278,10.781672619735923,7.561308354235608,19.073189418215026,18.04249396639366,50.27374970356747,45.94579682117449,25.16644340294533,9.568399907445581,10.903792157056593,29.42938023676859,89.11581934459002,6.864675917055052,9.16181237043334,8.916869674803593,27.16478114613348,14.670724516516781,11.09294221566213,11.157031921983268,18.865314109635758,8.630903717589975,57.64059854534278,22.98164471380107,15.525935422051413,7.465995586702397,7.333024788779398,12.81348362808185,24.96249389561582,14.343388536516944,15.234271953626143,6.686564860404362,10.378713998219848,16.607336297248878,7.0749558851773955,28.41577647147385,8.372905947530118,6.99563113023534,29.094964092937374,6.544052091972205,8.71705532752729,22.14809883679595,8.214870198680192,5.343115318524657,21.483866729627394,45.38231798889871,16.460544301123864,17.721099923913485,13.95547791266254,7.731642778174269,13.141952959024211,8.547757022677866,7.781174254684375,7.02693863660157,24.42467783427472,8.65813819513157,0.0,36.652733373897604,11.558696317643129,7.630258421023898,9.485791688018798,9.846671288550612,37.18816843473182,13.4012662035999,11.716010278694279,12.787948047532666,13.469421740685892,16.33643681632234,15.482753546211779,23.164196400929644,7.216722071871358,8.852441438188212,5.821915844824482,139.91476143298593,9.994306542239356,10.521523298217044,11.685930816579502,24.405129737874347,11.500079719086472,30.722291510614493,8.33304162624023,10.445053411359215,9.963595954369563,13.015443553728721,8.222575883317052,32.49062762238883,13.314508908435938,9.513765657712876,6.182144462661589,3.8919091436854085,9.097003381705433,12.584832470263782,4.871945992496574,6.974180788103298
MKS.L,24.516037166394668,39.416753379132956,48.11383982639718,38.39763055108812,38.75048871058195,29.312617893123114,31.34186963017873,30.801702656454545,22.669312620946485,25.798634266678516,20.76471448963787,23.528386638655792,19.536781758265406,34.82103850212974,39.96697237390534,15.769483880504499,57.21036025287032,40.58323340044338,42.25883188750221,34.10728003614116,26.312654701785043,46.79940523347952,34.21476451079395,45.234870868885594,21.99281539287044,31.181452611141243,28.42941307526422,17.839544749016756,47.83933933919289,33.38740161199639,38.29330823515541,42.026946422475866,15.26572298482038,48.87302101228566,47.68091939455096,32.10401583156878,28.879578819841157,45.071446729822895,35.54251009693465,31.491919986538136,35.13643745582175,35.4931625567561,15.435046622472969,33.502591380830474,32.69388760631135,23.162890567964485,33.64047127182371,36.41141816562617,17.347185252394997,13.245405970162777,24.00488344269983,23.22483169687178,25.332104077799492,42.71417345850474,45.400780914233636,37.880761971687406,39.16140668468309,39.32040252695048,19.051965678205818,41.776673329120264,36.652733373897604,0.0,45.84617096015222,34.427206898399305,31.469785017238863,33.445475073309225,15.837791093458586,25.69282665109494,27.93089559999096,46.88151671880174,25.723713665828658,50.76107500238163,24.60567454835202,16.58409836902803,40.91858558678121,43.577178708069816,38.110287235850905,108.3511224064811,42.62561849201285,31.175090160965436,46.16841499366685,16.67447945940333,42.4948306085416,19.861819107530142,31.854504994924607,43.83827153371545,45.07576025917577,45.38792333870128,33.86583327430426,17.73590649068982,41.955020915614696,34.43536323363381,33.506257415487525,37.91011896314013,32.900614418450814,47.00396888920255,36.1320671060574,37.60372820266982
MNDI.L,44.14949021315952,10.978768772627603,6.566608684715884,9.229226548707809,8.940955282059049,17.42299413508857,17.792730701913275,15.630069323661028,26.722745273556182,25.083675953917076,59.58206768854129,54.76956528135674,33.47561224584477,14.927927837094995,8.417750507205033,38.572759761164555,98.62951561443754,6.481696053716845,5.030838083226832,14.296857016856464,32.97396289657764,8.820610425071251,14.9240958255858,3.5223858912745802,26.62426769336509,16.838125753859913,66.22260426419724,31.818179709836787,6.352040028694308,14.144202502254844,8.229901597324016,9.527003376912777,33.391901088834125,11.797855351303658,6.468794568136369,14.446595988605493,18.251146535774815,17.99655106830068,14.556908549458695,32.26602860119986,12.635856970997335,12.153465383769296,37.95452356548365,14.595701552678198,13.764264057410513,30.783606379105425,13.354858603374476,11.749137795975969,31.09534777227889,55.37558772661127,25.424687860113156,24.867903998877292,22.63957401095982,5.819133589486201,5.151307430333606,9.17418813557362,7.741748132614527,7.439688075645302,32.27723436045047,5.556827172047111,11.558696317643129,45.84617096015222,0.0,13.022433795570816,17.937899273860303,14.956540744166489,45.918335276219494,21.88998973299494,20.31400301593462,5.595569040937167,22.006722357893846,7.728873191354518,24.200460273971185,32.11265887722978,6.826409416360028,5.91541776154989,9.163373726595223,149.6369542172717,6.89831567152694,16.021325798557935,3.365454380565061,33.108148721094736,6.344833407313663,38.284264625569236,16.134750166027654,7.176533801489031,5.934760607256192,4.951956321311604,13.963112597425093,41.702548784108,10.824896378217272,13.60361884845159,14.9565610510982,9.516205167751144,14.568367505420241,5.275579471372911,12.478728568012501,9.617917656538326
MNG.L,32.14276784770014,8.277137388852745,15.333738073599065,7.56878184570928,7.3385568626215605,6.249882629951984,7.306559567890127,6.188945686186972,14.392519765540971,14.036005821666139,47.173206310405874,42.39687727083428,21.47679604647977,5.411514478447653,8.673987323963868,26.79212227851703,86.04287630411459,8.513931181461931,9.501176419458746,8.175573503667858,22.982693071892477,13.93087316951313,6.12635088684855,12.95578547991168,15.12693661273875,7.044576672194302,54.28089528251788,20.09483366098643,15.464445413987832,4.757031929790299,6.37619941688212,11.103127058837801,21.26881786226783,17.41279520976436,14.798460026372831,5.402026397005291,6.6487892320723,17.033555701363632,8.27238437982063,24.09015576899028,4.491660111462677,4.967643394824099,25.413996559691917,4.861463035888761,5.444472132121424,19.364146714537217,6.9644398131511815,5.808689592128088,19.31479436758169,43.49775219606837,13.412169647878086,12.973593681105374,10.977693223675601,10.497755498822167,13.52055143569108,6.381350760568476,6.380501961131269,6.159163837384268,19.93241093550576,9.12320437272204,7.630258421023898,34.427206898399305,13.022433795570816,1.1680077279964342e-06,9.468944098041822,5.192894173397299,33.59934023583615,10.294295782401194,9.22881228565535,13.571807091102972,10.196530173737836,18.484913578987587,13.272352962962481,20.774794420519257,7.787187109518611,10.176097428360624,6.625477270082647,137.45415605743202,10.156844881471097,5.4307464491627035,12.846685853956862,21.73851052553502,10.784441184969847,27.069309105613037,4.444554763157661,12.372037833758117,12.185030733229864,12.74669111649177,4.386493110906172,29.187692911166106,10.802790651015002,5.173207238526558,6.509067065691004,6.425887788619351,4.096331310938092,13.623052065291708,6.181110470524393,5.97525392329631
MRO.L,33.53391411905479,16.1611043197353,19.29774186053425,9.675106486777032,11.650652329433193,8.35730708012681,8.330014963796552,8.522493088720966,15.967608739093711,15.395892711148225,44.861273162402156,40.79205090863329,21.52043030990112,12.845813437553812,15.601760197522799,25.80576038378067,82.94138187965518,12.316750551922642,15.605002857699834,11.367819869686812,23.729478293063444,19.591721689181778,13.824979773945293,17.17343777957672,14.868184206509875,8.820528795220682,51.7310235066431,18.917001971379285,21.482576179317334,9.210625036281602,11.967662334500513,17.60888417217692,20.06100756196615,20.05726547432636,21.01051722923283,8.508111734545867,9.340269651971932,19.961432160557926,9.508879713650929,26.665474228271446,10.720858802640064,10.452260536971783,24.214807878804653,7.929649245208372,9.396825462254352,18.52850155610852,9.510377615219008,10.875579253564538,16.33426858374457,39.995743562086794,14.455411824931362,13.601840116552813,9.507678552445098,14.38301960228753,18.363014758068058,13.058581506416985,12.945973184807153,12.6461804860164,20.78010279939007,15.04217568659915,9.485791688018798,31.469785017238863,17.937899273860303,9.468944098041822,0.0,11.569243061230472,33.16470265224737,10.373390267135996,8.384499734473195,18.69657323299512,9.341874071767851,22.716589044096022,13.197748882204296,19.022082432598094,13.019128949252336,15.364338402988725,12.216584554846092,134.24238891318134,15.251319432864825,9.65147816119785,17.962438447637044,19.338542419717086,16.920865857978576,26.52246285878724,8.581044705356794,16.404117958456432,16.360194718137834,18.362278998228703,10.26483708033654,27.878077406752205,18.498070683524244,12.262029030790458,8.532396738667597,10.65288134884459,10.683606665827249,19.365477901136998,8.885486891369409,10.217341206958213
NG.L,30.614502936342593,8.273802589943001,18.222539656321885,10.525254624671728,11.020266491320129,5.859453479659456,9.367286659117644,6.53397828442171,13.20089479644163,11.148104631724022,45.7497555135369,42.51741283952142,21.77949950286552,6.184162298488469,9.466985796931608,24.909478055882712,85.18793745606206,10.639500024209468,11.464842141738488,5.939291283931043,19.638529179946396,14.712658646923563,7.135455060905036,15.50608924608475,13.2481032543582,9.885862715104324,52.199696685570096,18.12630443902878,16.02848469793864,5.2930658154442805,8.225736768534489,9.833013633644935,20.523208233598616,20.553396343162635,16.239134041405975,6.675604717370195,6.155376022527746,20.567282659857664,12.064745115297937,20.167922693852436,4.074235143691285,8.401554912052541,24.121476749652462,6.251958930361878,6.86341808472462,20.79551588680334,9.904277468854373,9.329920650220487,18.80369244953568,42.71541410249454,12.795164154566708,12.416967835319305,10.064461166574416,13.361610185851605,14.952336334435843,8.90269947609279,7.615514084421667,8.247676117125918,19.102278053486895,10.98137689378816,9.846671288550612,33.445475073309225,14.956540744166489,5.192894173397299,11.569243061230472,0.0,32.67137038320954,11.687664084098266,11.263301652662498,16.118576541680586,10.126050865055628,21.179316981944233,11.960797348814209,19.00018318975506,9.877151166866126,12.27344839477573,9.161993771225854,137.54414887879986,10.862446521128211,5.444292697815598,15.15830193162362,20.058106989153917,11.745989545922345,24.230178502229347,6.463280755861684,15.674798862116372,15.067578232498649,13.860675532842398,3.352700491908585,28.758223511418063,12.380168168209334,2.3372814160277944,9.208056495131183,8.93070819366644,2.3293301131819,15.840054606096999,9.7862059697371,7.761093333457119
NWG.L,14.534642752617296,37.66930911548862,47.5780718292428,39.27629562710468,38.73233913465254,29.576776636862345,30.516357693162945,31.893042119995243,20.184471914736505,24.76166179931475,19.708792251732277,16.543159934495023,13.899904439924642,32.34474825954012,39.79210434646909,13.449090470449052,55.239491659560905,41.182634135581715,41.926558214747075,35.08558012479784,25.56858375645004,45.30822267638833,32.53918330541834,45.61204157088411,22.702080783747196,30.611391967388613,29.99555107696552,18.51397053943166,47.27776735287228,33.16596004563228,38.568454340917846,41.49150260437114,15.206652199670978,47.97974481286578,46.663827885480615,32.581943520062744,28.369647366173403,42.11363987346756,35.006902016593806,30.480146765533476,34.76289728840198,34.718781492562954,11.335825270633755,32.983332802512045,33.48139293768167,19.566362443132853,34.51487273726729,35.517729785897984,19.027879335698703,18.070861892059916,21.435351135188544,22.663079408707613,25.947901008687808,42.76730926272772,45.75089879211459,37.48518584369539,38.992772360097874,38.84521960929329,14.306601639186844,41.58219684750435,37.18816843473182,15.837791093458586,45.918335276219494,33.59934023583615,33.16470265224737,32.67137038320954,0.0,25.460017539293098,27.672305556585382,45.876057232274576,25.693451585471315,50.70491468590498,24.810467635869838,19.544061905415877,40.563932465765504,42.829759784833435,37.90339335337751,106.7072210244346,42.191405249060324,31.22648683736145,45.66292963825188,20.0068946975266,42.558720367842824,19.746529543470217,30.655542590262254,43.53650656752566,44.60780064902331,45.03565379322401,33.3416257643382,9.14518024831961,39.6312281767365,33.737520593009364,33.28612348439668,37.806460976493774,32.311608148653455,45.95978279583735,35.69191099302791,38.13309354794125
NXT.L,26.480760383971806,16.634085613706848,23.327406113995195,14.57592016223928,14.108669757157827,7.783032632532437,8.08585870706464,8.99891594870899,9.284353254353915,12.68145633664435,39.304201446244974,33.8386734875031,13.1570487968979,11.503940739113101,16.97343899334621,20.208457767879857,77.51519006242086,16.838957175290314,18.180559517073867,14.10919181098385,21.681833444751472,23.272906796630895,11.456761131155586,21.054502165386545,10.989380939183347,6.71217054059797,47.58260818243281,14.531694371341596,24.534132719954066,10.654924515006824,14.810864378726272,20.188585498886628,13.493753700112373,24.20070504452161,23.796666332530464,9.318067543570775,7.281332558383333,20.96277585303952,11.127041114557588,24.990563414903065,12.30383093563027,10.8773311548132,18.270310788855753,10.141516385300704,10.005946530687993,11.641162165167877,10.45936699768286,11.785030322655603,11.965210224338504,34.6530301294365,8.073220256533352,7.765947995989642,8.209887808375735,18.337262662211433,22.019670092970014,13.84157561697852,15.598609958761514,15.243913655772621,12.77090420325104,17.79781278203822,13.4012662035999,25.69282665109494,21.88998973299494,10.294295782401194,10.373390267135996,11.687664084098266,25.460017539293098,0.0,5.067490013632771,22.07640509173816,6.4584395001185255,26.320205746010284,10.379388674368522,14.69956868644668,16.874642683028608,19.193903344241935,14.08948995020243,128.14263311032934,19.244227205989166,8.94722903851721,21.65805341184549,15.871420861377253,19.357834283198915,22.868035431182914,7.965768534591624,19.269775738812978,20.370899916494455,21.836655896373486,11.21880577642989,21.357858247894683,18.2559356458505,12.393115111390323,9.595795733203335,13.92506271333994,10.419957200587833,22.374528902874946,11.61086914329777,14.387753210402664
PCT.L,28.11068549475555,15.462549949101998,21.498700536946263,13.02269865353633,12.586226728696074,7.155768696291666,6.575062580745027,8.249626116358005,11.372060898747561,13.558150090254347,41.555623105709195,35.7016460630895,14.9609494892361,10.460845854243557,15.839283455139949,22.201111741903006,79.40076320949147,15.258270940160902,16.72116473393242,13.010086817200335,22.898110823276912,21.943200132735058,11.161453928628198,19.527252413399136,12.893220854507286,6.5964262541466265,49.67247596916673,16.344777049707492,23.05736328592547,10.152771842259646,13.378683782611187,19.12741054205247,15.397247505618905,22.036927511991983,22.385516539767913,7.934058970989891,6.78288562423647,18.805582721430454,9.590908381187969,25.73273779132276,11.133758152403146,9.020088600123351,20.20597519963471,8.750827580442177,9.240917967507908,12.841804086623721,8.971731748033521,10.093287758487126,13.072751092601353,36.65278425271908,9.520654061356433,9.552273204443384,8.466170492473506,16.402734206290422,20.64574595859302,12.94511487257689,14.322561237173579,13.837073793042713,15.263891569179913,16.162870312835654,11.716010278694279,27.93089559999096,20.31400301593462,9.22881228565535,8.384499734473195,11.263301652662498,27.672305556585382,5.067490013632771,0.0,20.475791346858575,5.905840089310638,24.565085186708355,11.45848596544372,16.594226628551077,15.217369856826089,17.354752793918497,12.671963854813423,129.8202975903095,17.578758975797253,8.840769489410562,19.934312942057286,17.57372330362728,17.86904292958875,24.48485668838393,6.958211574793992,17.225754343030392,18.445330190770502,20.23959982512497,10.36405122867319,23.007683629542,17.206033604659957,11.87998876737761,7.385572720972638,12.298718886177037,9.962994503029922,20.628291200550624,9.59190684421024,13.115668090740428
PRU.L,43.80326392268865,11.84718276271435,3.953770715402588,10.493274638034679,9.172688255861308,18.721481105673874,17.794923017949227,17.246066375420323,27.311645507196168,26.3141158010465,60.14100476141612,54.11098028416625,33.14630789921696,14.937226406683326,10.476071671241282,39.42264680338699,98.54763614992535,8.688890572139028,6.907813862441743,16.717028440539828,34.48159210000582,7.9008211487292055,15.288930581692211,5.278092257701136,27.99054917794762,16.83335391850649,67.10563479150555,32.995214229699734,8.032397334416883,15.588452503863863,10.435309193448722,11.937692743129942,34.08970732798174,9.027137265625688,5.9959136163886795,15.756416384397918,19.190613733754976,14.380360968224387,13.645162689864927,34.22195206526562,14.052085922942679,12.068659021655593,38.26671006239244,15.064368581281528,15.30227027328454,29.964590634497956,14.687767953140398,11.772119664648576,32.015260118693476,56.07486634129657,25.696431865232807,25.498335230498853,23.625939205818824,6.4389798036006844,6.555847451210115,10.044771330509912,9.53544952234025,8.648379345983168,32.442831170592584,7.37244449223683,12.787948047532666,46.88151671880174,5.595569040937167,13.571807091102972,18.69657323299512,16.118576541680586,45.876057232274576,22.07640509173816,20.475791346858575,0.0,22.847978085195603,7.454618817786376,25.63537906447832,33.63263835773829,8.032176263261652,5.542532040489217,9.870981262109652,149.0118057367419,7.948937036506778,16.805856599302988,2.949535720467466,34.5378979555204,8.989792347886132,39.73401976113468,16.24493021304374,6.431932860311552,4.623480438947003,6.714324328702006,15.034698868403035,41.291809260998356,9.352136435173014,14.930834438801096,14.987537327780231,10.389082832380181,15.681060437429148,4.66669410151824,12.178956205872453,10.943242302149477
PSH.L,25.951881395839706,15.949155286282839,24.285053716212534,14.803324262163382,15.446804461419072,5.490706070232828,7.505972468415488,8.22583804527545,7.879825652384497,8.870740168774526,38.44633060582588,34.86723957898994,14.655175697365639,11.269243715812856,16.968648212679245,18.491092585237947,77.18152032367632,16.680561514995706,18.50186984256621,11.575533234607692,17.664814652961766,22.772167104274967,12.443819066562988,21.81708816138628,8.315821777360908,9.277329761040413,45.84072074926088,12.09925696451005,24.21246619673418,9.440406936153597,14.555530245720652,18.770594811380526,12.756008347679959,25.325152288027322,24.074845574484247,8.672803870011572,5.040061287375021,22.90147325185238,13.236485782456668,20.869716130682196,10.986715503156258,11.911169648514003,17.056069252726278,9.207686057231257,9.892241708337428,14.183850377537139,11.311649001191812,12.82885971092636,10.121561665159687,34.49149924488866,7.4143869626577095,6.932094309053905,4.251484774918446,18.918466306835974,22.203814918823273,14.803296701455416,15.25691302117016,15.14809448399471,12.828887542852542,18.046749146679897,13.469421740685892,25.723713665828658,22.006722357893846,10.196530173737836,9.341874071767851,10.126050865055628,25.693451585471315,6.4584395001185255,5.905840089310638,22.847978085195603,0.0,27.434744176807122,7.556701822926422,12.406536246383746,16.50653987263285,19.27289005558641,14.820223048632917,129.0825199842499,18.573831105270887,8.538742354199405,22.117222258620714,13.328765866743257,19.22571191884161,19.49799895999614,7.76914356801654,20.49131105774028,21.082332014982793,21.502898999939834,9.998547250280843,21.39972949166771,19.34377875008416,11.242856177952355,10.450807194135916,14.03283775965405,9.358775007198997,22.96262062200127,12.35850619032485,13.879946325287479
PSN.L,49.02846907435016,16.460770538800798,5.817001032615619,14.0915122723178,12.817105462088586,23.318434939572747,22.375324120564166,21.249738419452616,32.32082289913512,31.46760661658956,65.02740810066295,58.67760584087959,37.65493416324269,20.080761647012565,13.792938592818047,44.38961794007183,103.50036067009411,12.224710167421021,10.07732623127329,20.91698953903399,39.94328389333511,13.838012503669898,19.701276491772045,6.4751171715967,32.76325371324573,21.231186840322785,72.37034812484632,37.81320685583191,10.641951454102825,20.25904867289744,14.076819599652058,16.396467589400242,38.63048652709672,9.686367611935347,9.713427940016818,19.947111904313143,24.036366415457106,17.254817895703706,17.82424403657725,39.275246771084696,18.604845686571814,16.51457441824164,43.38635670893896,20.089358082681677,19.283221538746577,34.385017095025496,17.722673816399222,15.90180353442871,36.25390721268103,60.22650439468761,30.65532648415897,30.345902276507527,28.475032830769806,9.09203690509802,9.901008018268005,14.203043440810303,13.923459242565663,13.408750818847187,37.37094653888926,10.583503805533702,16.33643681632234,50.76107500238163,7.728873191354518,18.484913578987587,22.716589044096022,21.179316981944233,50.70491468590498,26.320205746010284,24.565085186708355,7.454618817786376,27.434744176807122,0.0,30.20030273308205,38.01714669690365,12.631325955847123,10.500820019934219,14.010650180917686,152.96954043583852,13.144929952448672,21.833763689829482,6.911907653955716,39.11369533647614,11.489748708822614,44.84763643897115,21.402754087262352,8.087847542231014,7.884639442398357,10.559409329789656,20.02443197599208,46.368623714459865,14.28235752690606,19.905627882983435,19.051131818511152,14.734154077006066,20.657274849708205,6.808535823980923,16.584860417246578,15.84106245664463
PSON.L,26.686766710532826,17.83950938438674,27.156081969266108,17.846643433392135,18.673350461061137,8.20958367501611,12.625457087079399,10.612941683588291,8.261045090886332,8.103923224300303,36.950225030949035,35.823318239566,16.075692193917998,13.578820979688805,19.49765754122608,15.87967273312246,76.34034914335716,19.343912554961385,21.04997614330014,12.192960606936795,15.318520428269258,24.449763916376792,14.623078587381746,24.419123854611943,7.1040332507886275,12.654588997730249,43.82379959799064,8.952202706885094,26.318274376491384,11.097909951222864,17.03060616488558,19.86988344892368,12.884233084114586,28.688984436381926,26.271862249341446,11.72240886776403,7.711770350731761,27.25846124735604,16.5483514062253,18.732480385055286,13.94920721079922,15.558245584747917,16.226173025163472,12.474392780151957,13.08993067175892,15.81093452410209,14.750000848119571,15.755769530644663,9.826709479323647,33.00486832383091,7.588791321205079,9.014171474898843,6.5008446877201145,21.814935055364188,24.6464882063551,17.362790737417964,17.70890399187667,17.719160599217403,13.254499442519544,20.788556038850082,15.482753546211779,24.60567454835202,24.200460273971185,13.272352962962481,13.197748882204296,11.960797348814209,24.810467635869838,10.379388674368522,11.45848596544372,25.63537906447832,7.556701822926422,30.20030273308205,0.0,10.040553035010111,18.87861997003508,21.76802823810862,17.422607743433122,128.95901133835315,20.790920516662545,11.582745448961944,24.76889113956686,11.213251587450916,21.861106232870316,16.9240184035397,11.163077829718043,23.759310515989785,23.948244598982956,23.864020097917454,12.49948121670016,21.276487053974957,21.643383115959555,12.886223331591324,14.449166927856643,16.43764940008916,11.536503476019371,25.523529925389262,15.848729305701015,16.274185491896386
REL.L,23.205235909969765,25.637338647109637,35.125675484432506,25.224945032240882,26.030722460570594,15.224384730563308,18.99562599575354,17.098170451438786,10.109159514271683,11.366065371073446,28.932926079104956,30.368771008147405,15.126174062695052,21.238673545159227,26.50917303240779,9.928722798779486,68.88939211422596,26.89084142724537,28.766583048727924,19.42901739087043,14.147821147079377,32.552412850128746,21.304808194842753,32.13418302917591,7.65906094029407,18.98127816310912,35.92146715103781,4.6871085129641905,33.874781750928285,18.872389309525392,24.6040094807515,27.370931515758294,8.59438505884867,36.46928128348386,34.06494939105557,18.478082614894433,14.920116290576045,34.27567193253954,23.659358251477304,19.281279068852083,21.0051917299759,22.759376192075035,11.197058956929451,19.69197512516334,19.462010800673784,17.489861614933783,21.293009491711924,23.515366821447422,7.481504200441916,25.041434822505753,11.769217466901486,11.330711554560649,11.392144684058655,29.571839071916965,32.06285581629888,24.883855777317983,25.274720051700033,25.503108812014084,11.415814655810609,28.26654026114099,23.164196400929644,16.58409836902803,32.11265887722978,20.774794420519257,19.022082432598094,19.00018318975506,19.544061905415877,14.69956868644668,16.594226628551077,33.63263835773829,12.406536246383746,38.01714669690365,10.040553035010111,2.3360154559928683e-06,27.03386537328393,29.85744241479371,24.796160482756445,121.94881637000505,28.529547348698244,17.90689202964366,32.6972117107611,4.730734685997673,28.962211642403833,11.388234644173389,18.45761797716523,31.34989750438117,31.90671822574639,31.490841118951597,19.70365047706421,17.75892167622271,29.18407987768676,20.09018447712448,21.086957382230413,24.34934019871435,18.740055687700522,33.595882513299635,23.363517227719342,23.78657120535164
RIO.L,38.90944386327792,7.462944254022585,9.427028536365942,5.301701290081678,6.373053184529397,12.23012494172889,12.011307583088254,10.964608177110465,21.440421969935013,19.756083656354935,54.04402358882146,49.48597321256581,28.371414153071292,9.89616845406369,7.4528164689855,33.16429594905248,92.97250309280363,3.8864885774000855,4.785412197567453,9.874472192042852,28.0778013371327,9.271712907809071,11.063084989514559,7.334828318479058,21.52793390943183,12.357022892175477,60.753013417862036,26.44307970071148,10.380269091484829,9.114566662858634,5.097749449726379,8.593960563159417,28.216954375213916,12.402468725027513,10.058338212369689,9.84068850723788,12.89148456422683,15.954362843789164,10.309769549961684,28.0143933773963,7.696465949316799,8.078917107815846,32.257953071621984,8.847423815230188,9.757838544391372,25.700875589017198,10.004407198510751,7.334740599725213,25.569446067243977,50.0921589554833,19.907854299350106,19.903507296881696,16.96741559571875,5.319183705215241,8.372520492116548,6.426603509062786,4.086360917300284,3.907766021336536,27.028964342777655,5.134465135487198,7.216722071871358,40.91858558678121,6.826409416360028,7.787187109518611,13.019128949252336,9.877151166866126,40.563932465765504,16.874642683028608,15.217369856826089,8.032176263261652,16.50653987263285,12.631325955847123,18.87861997003508,27.03386537328393,0.0,4.721784304580031,6.345802691578843,144.30707565018545,5.84757469728977,11.226077285757135,6.904018368980272,28.005828610143073,7.375316452181676,33.004821943589825,10.551598430977394,8.508584267615023,6.58215803140959,7.869201933095239,8.654751856785037,35.940147374089186,10.045567851141158,8.991719780969314,9.988885300237834,4.957475410084238,9.51754430145397,7.983787111115966,7.425985544110216,5.4052374668519985
RKT.L,40.76279091087709,9.611940360144617,6.989665994376977,7.7169028273442715,7.231329674922206,15.071183838807897,15.002827345157222,13.529342605227574,24.02390574853299,22.540217395702186,56.59465288884172,51.36244346814987,30.434513092094708,11.288474385711254,8.786138884972978,35.69354341427449,95.34387296972115,5.846822179761658,5.297438905573864,12.611092532719773,30.917956558750674,7.974411850089386,12.516889972596829,6.30545327995676,24.42485983326313,14.001189361320726,63.42544922346366,29.14528821430461,9.109970171321597,11.933507319060665,7.525558668936048,9.53935870398967,30.883186637264938,9.901174693069729,8.384125474241477,12.275708293985213,15.548452598019018,14.386148783226998,11.209975147167142,30.91740708761326,10.286845861405276,9.437201650543594,34.75812923949191,11.302264830472225,12.611904362613702,27.463209810792673,12.428572077673785,8.686986631776756,28.374868875377896,52.64870383425742,22.067850532556847,22.598074848679655,19.86267960561515,4.660227530167466,7.825972885960427,8.310927282913244,6.40531455050922,5.561987605907264,29.465295170244655,5.148070340291038,8.852441438188205,43.577178708069816,5.91541776154989,10.176097428360618,15.364338402988722,12.273448394775727,42.829759784833435,19.19390334424193,17.354752793918493,5.542532040489217,19.272890055586405,10.500820019934219,21.76802823810862,29.857442414793706,4.721784304580043,1.5078914929239175e-06,6.878546812161288,146.27832359902993,5.454050572066994,13.886821271353494,4.705702592276621,30.82773274445931,7.918305216343959,35.92315457039154,12.679095397874953,7.152585440887685,4.249115433093162,7.161847416203182,11.216767076206283,38.038408746838584,9.250731494537543,11.385075509283684,11.413305250574773,6.53937416533265,12.075159423633885,5.445675228610895,8.932339307950647,7.750167741492257
RMV.L,37.02533786041751,8.7940672450929,11.164165061487966,6.473106419294738,4.137238555285211,10.544433617994587,11.701615504063504,8.359683695684755,19.340849059572516,18.951057610889226,51.767539003778104,46.6221818854162,25.501389166350744,8.326534138406657,7.139617135620941,30.945947029725367,90.69381119588834,6.15999721598709,6.130324044357453,9.854159168261857,27.87353381322604,12.178642645854543,8.354119655329324,8.831826962619758,19.915056070409904,9.005092432540085,59.168498142124434,24.556581289449003,12.08292333238732,8.145627945706089,5.461790030267212,10.367707872503248,25.77264895046957,13.81854161864478,11.414432047511538,7.037090103287758,11.062916897511814,15.589369683120145,8.009823464257728,28.49356917601696,7.614952894924437,4.840277422787033,30.279302277840692,7.94359936919148,7.700232278366682,22.791877421141084,7.3792902477313325,4.87120700722386,23.606574399874972,47.26277212310961,17.501466623476468,17.763910260124476,15.771680940398344,6.224035696029056,10.140687308910133,5.244817100768722,5.247708014028341,4.070671786922228,24.650826354113242,5.295026611384248,5.821915844824482,38.110287235850905,9.163373726595223,6.625477270082647,12.216584554846092,9.161993771225854,37.90339335337751,14.08948995020243,12.671963854813423,9.870981262109652,14.820223048632917,14.010650180917686,17.422607743433122,24.796160482756445,6.345802691578843,6.87854681216128,0.0,141.26928325515328,7.963370190397388,9.710631856557068,8.827625826775954,26.032122313105006,7.977694916974254,31.992718749751102,8.724291423941917,7.742726031268896,8.211524487741427,9.691688414451592,8.246114278500341,33.704553039088715,8.738016498143482,8.13557656697678,7.31021248745834,4.427321922028878,8.279357425673718,9.833126609921578,5.9975418457795975,6.154358820649064
RR.L,112.67298586213614,142.70362349186453,149.88252880328676,141.84345569576962,141.24323768657146,133.75676727026817,133.1939064732617,135.465041791752,125.16075721082352,129.70891585029105,96.20623780148442,96.23096868944032,117.17696681320093,136.71113661128405,144.13755666081678,116.04496716809902,60.79084510461933,144.491399523047,145.80476268225547,139.60872501153437,128.31313256755234,149.78506847864784,136.85202901932698,148.6145337835617,126.89052301914265,133.21773791307535,98.44726467482332,122.2567674694004,151.95696672072611,137.27330241125478,142.4863891849505,146.8736960642386,118.4478308746526,148.5186473532869,150.86439744903538,136.18445365359977,132.81713012310465,140.81684530057726,136.61285299355117,133.63346408129777,139.06749145316778,137.97510059723948,114.82311029864417,136.41503913977718,137.21694355529488,119.93453249974132,137.3095911246399,138.53219311648184,120.97233647376363,98.21539821536454,125.84180017351271,126.87969108014221,129.44162450136557,145.45946769150513,149.6206996743387,141.45471417098173,143.25775995888026,142.89792190764737,119.52117178884649,145.3237504795863,139.91476143298593,108.3511224064811,149.6369542172717,137.45415605743202,134.24238891318137,137.54414887879986,106.7072210244346,128.14263311032934,129.8202975903095,149.0118057367419,129.0825199842499,152.96954043583852,128.95901133835315,121.94881637000505,144.30707565018545,146.27832359902993,141.26928325515328,7.1366451011160685e-06,146.52435533165632,135.38987187772526,149.0565744810527,121.57879832715048,146.73717750233533,120.74982444907788,134.29795825831243,145.68382864179003,147.1240358486287,149.35711291382955,137.7934361404162,109.97113256609575,143.8364615550205,138.77656159207245,135.5903414006816,141.1497223963055,137.00402718135527,149.29515779965334,138.07353761806118,141.76106355567592
RTO.L,39.974917271979415,8.781813961748279,10.041474354055927,8.55468154335243,9.05157123346429,13.983719906682913,14.928159109206286,12.875574142943226,23.071207984637237,20.532746488471506,55.612692339360386,51.43879871740065,30.356330794603984,11.685974790309038,7.784543982498648,34.55656874504992,94.59496684146127,6.0947776658919155,6.585671311482181,10.659736122236202,28.297659900608608,6.820617901779946,12.545932365290508,8.170199193063118,22.73547558298978,14.56278769352281,61.73066389997108,27.807604741040297,7.749676825934602,11.084331351144177,7.265804626524257,6.401591386810181,29.82652161899568,13.887186810343092,8.117663038684944,11.738289314566858,14.674665532719038,17.919072995591304,12.910620809776594,27.86068743897835,9.22682342638748,9.952800384226402,33.88216096291893,11.03284520440708,11.33152876597177,28.083497682699107,12.430523844790152,10.327758665208078,27.752188947313144,52.00860163303288,21.83663030114533,21.275682132729237,18.719148538551345,7.670568086496867,6.649212609357599,8.163555380382086,5.853403309555448,5.822846046658374,28.673215943517985,6.146010512851256,9.994306542239356,42.62561849201285,6.89831567152694,10.156844881471097,15.251319432864825,10.862446521128211,42.191405249060324,19.244227205989166,17.578758975797253,7.948937036506778,18.573831105270887,13.144929952448672,20.790920516662545,28.529547348698244,5.84757469728977,5.454050572067005,7.963370190397388,146.5243553316563,0.0,12.384152054407275,6.8650656537652015,29.385418131282222,7.014260233574374,33.87065964229614,12.787431814204902,9.879093505636225,7.995996603205114,5.604294401940059,9.947700135477442,37.82126385242621,9.59317042850995,9.747989178916184,12.595946483482242,7.509201611316645,10.8901784385152,8.575742919396955,10.579323260165422,6.730717145746318
SBRY.L,30.058867194771153,10.528255244576101,18.717603263726353,10.300622282389556,10.499168225856609,4.782963356909504,7.681338039336886,5.883765152979704,12.104445894761376,11.310509267350318,44.50755005450046,40.61600014954172,19.726837983359268,8.269825546143304,10.568975886775487,24.275177524574797,83.46607178117624,11.343417593841606,12.744024078566635,7.998788130048756,19.964809351261287,16.297073075409184,7.6846638972168675,15.939004551022462,11.999615172090692,7.9399719829188005,51.05415206103366,17.294196879319475,17.617149408479463,6.304844334206845,9.041085912494447,12.534850678464583,18.274441908279897,21.237623712906146,17.22975604509264,5.938440628795936,5.2975978280599305,20.46311042423351,10.737323145492915,21.43015932278364,6.364863976634099,7.510910091415785,22.859002248376793,6.603358842356034,4.6515367578853635,18.345175468492904,7.936652595835681,9.395724656727753,17.08191230422867,40.81437418987139,12.108985180968132,9.602053931850694,8.686203432723232,14.043862039517554,15.30018735911915,8.532023649847474,9.237798213501017,9.525939079362953,17.48570805230667,12.31031145034135,10.521523298217044,31.175090160965436,16.021325798557935,5.4307464491627035,9.65147816119785,5.444292697815598,31.22648683736145,8.94722903851721,8.840769489410562,16.805856599302988,8.538742354199405,21.833763689829482,11.582745448961944,17.90689202964366,11.226077285757135,13.886821271353499,9.710631856557068,135.38987187772526,12.384152054407275,0.0,16.098182131943563,18.72333303492506,12.982941884570918,24.04852471725807,5.917792281125183,15.59267173867324,15.832954923048623,14.955920764008072,5.269818623817435,27.312592560148975,13.009848780893288,5.589597083241105,8.646363281785094,9.649018892761816,4.272703573245096,17.360185728409252,9.424293796933219,7.907632923876516
SDR.L,43.64804662408201,10.995840207660988,4.40134432220713,9.490406275612854,8.418723875849102,17.78597151068037,17.420456671270802,16.089129239941226,26.789452543404813,25.5050492838134,59.702974545230404,54.14357700160407,33.011153373914595,14.479442739511386,8.806428269207435,38.856784284442256,98.4269049341495,7.182479176408551,5.153034907794573,15.265698445431216,33.70001970973421,8.186309578491077,14.597847069784454,3.5511955855294963,27.158093125719358,16.486068949380183,66.56688601172408,32.23551733621034,6.763221183649523,14.606178870634693,8.857748493562692,10.549273773948988,33.51134122653337,9.8333858808241,5.639947439642642,14.72323359476179,18.424162247488773,15.638798003651498,13.615699114273095,33.23640732538742,12.901034948219712,11.492320294496974,37.87637873060244,14.440627214096285,14.173933938745048,30.036550464863314,13.576770367934458,11.241327118649568,31.296341183027522,55.5233300998853,25.29139541103525,24.933105606365572,22.895353222063044,5.117128360009534,5.464909739386584,9.184313764358258,8.120200836689111,7.4576128476657075,32.11359874331327,5.465868943796118,11.685930816579502,46.16841499366685,3.365454380565061,12.846685853956862,17.962438447637044,15.15830193162362,45.66292963825188,21.65805341184549,19.934312942057286,2.949535720467466,22.117222258620714,6.911907653955716,24.76889113956686,32.6972117107611,6.904018368980272,4.705702592276621,8.827625826775954,149.05657448105268,6.8650656537652015,16.098182131943563,0.0,33.663087227098494,6.94219189782493,38.920678285683,15.815974954164398,5.766430680035697,4.107426904948776,5.211092939658636,14.13707161246422,41.225279027780985,9.39963568128958,13.903363895952472,14.377720207731802,9.51486668622986,14.770939234653397,3.7227649689557145,11.77932497337482,9.952142929630725
SGE.L,23.141251678815106,26.817237448935405,36.09820763736661,26.207596716370993,27.079127874092396,16.30818424528171,19.93697209632173,18.573784277420174,11.390956465747529,12.611242062044733,28.688968684576967,30.240001926329352,16.034540977940974,22.579772774917988,27.580910702043255,11.037510347464723,67.85799030880537,27.935426563033218,29.981483290261625,20.622440066374292,13.77523454085824,33.15472205300514,22.764486052511174,33.10924859601646,8.816220552641234,20.192035204097774,34.591660812609156,6.072503389190201,34.778268195013,19.892684582631375,25.596693835286928,28.25291606541597,9.313836423314251,37.55998380196809,34.90523027188312,19.83250135415926,16.079316155461495,35.261453185637706,24.543800602315404,19.41142254241847,22.10452857422571,23.86060683382456,11.197211158661446,20.87592741003434,20.562841972160438,17.98705889064605,22.470281372603527,24.837462949665174,8.086080980726644,25.001589866640877,13.351298818955433,11.864521596865993,12.38560299052111,30.687616630612,32.954664554338855,26.04036241965166,26.340904067441986,26.52294417100323,12.471990757172497,29.441353160669333,24.405129737874347,16.674479459403315,33.108148721094736,21.73851052553502,19.338542419717086,20.058106989153917,20.00689469752661,15.871420861377253,17.57372330362728,34.53789795552041,13.328765866743257,39.11369533647614,11.213251587450916,4.730734685997673,28.005828610143073,30.82773274445931,26.032122313105006,121.57879832715048,29.385418131282222,18.72333303492506,33.663087227098494,0.0,30.0441507117654,11.330671953961422,19.536404885443535,32.38302597123808,32.99115098993099,32.27691990538641,20.880669569240613,17.81195793253926,30.2239714404023,21.23888236445525,22.41685130798207,25.603831995559606,19.81608871412168,34.76756135046511,24.43384640821153,24.563425984042258
SGRO.L,40.23302075588394,8.00403710022515,10.844010092630684,9.6409845166726,8.696364455480403,14.676085551814158,15.691504756885895,13.079455217933058,23.451930585247386,21.834460834252504,56.38705810439361,51.74820760679847,30.427005947944313,12.708590083673593,3.2840479604515718,35.60697820468691,95.59464535655194,7.054819853437022,4.302116068826429,11.84860028074353,29.80702058662862,10.817371939417349,11.596227580149781,7.13113353334848,23.496182561912967,15.371315821625803,62.97376510964076,28.813787769293146,6.742936703428341,12.199017177639613,5.978464040843628,7.420068369487114,30.060661002832024,15.316317345161234,7.72100756206363,12.051827475721364,15.53602236717083,19.056753942898798,14.40235683580526,28.661807237660472,9.485727971134276,10.102693479075043,34.786407749829436,13.058369718192983,10.637936997731371,28.62717626573065,10.935915444275594,10.946601743821633,28.31157249320912,52.44324717727142,22.853466331509377,21.505789245371314,20.109909849441397,7.767458407797854,6.684169815512119,7.15033141380301,5.439625797554622,6.148791251817016,28.858402938963323,3.79595281777363,11.500079719086472,42.4948306085416,6.344833407313663,10.784441184969847,16.920865857978576,11.745989545922345,42.558720367842824,19.357834283198915,17.86904292958875,8.989792347886132,19.22571191884161,11.489748708822614,21.861106232870316,28.96221164240383,7.375316452181676,7.918305216343966,7.977694916974254,146.73717750233533,7.014260233574374,12.982941884570918,6.94219189782493,30.044150711765404,0.0,34.899877629162276,14.317257602093227,8.728420519925745,9.095251641195256,5.193312866468435,11.355098529742637,38.93967363033262,8.988948507676469,10.23286036636232,13.423011172533755,9.551697245069581,11.46172539031382,7.9959252002590775,12.123687944865784,8.833777985657825
SHEL.L,20.241748924449052,30.412903257843773,41.73167792661232,32.19103336765304,33.402055067340974,22.08727101178348,25.313520782183776,24.73244497767959,15.25542373963777,14.120362502912817,25.809684847374836,31.156684816371257,20.45971902171797,26.77417114540439,32.38372515609413,10.946629120380075,65.39950110715701,33.418210701096235,35.07361630354802,25.174979983022155,8.630715406071095,37.056019411553045,27.447710387229538,38.89520827616319,13.425993574154075,27.033668922050254,29.769095380612363,10.274205722954143,39.071253790197844,25.356417908948327,31.045846429833396,31.715069505574117,14.135573303268941,43.29037142247487,39.51990021701321,26.041279395300197,21.613512332833412,40.78187738022296,31.50920660682732,14.286763228360611,26.671609342495223,29.918526886777315,11.980168533902338,26.17166366252321,26.526329136726876,24.42122438446012,29.171951109528024,30.798373429403192,15.584842137483774,26.446010448056587,18.346015811498127,17.593610857921064,17.910336845421792,36.57768710170799,37.898366045073864,31.464220086473897,31.23248373841702,31.750879928668027,15.262508382998597,34.68287223690421,30.722291510614493,19.861819107530142,38.284264625569236,27.069309105613037,26.52246285878724,24.230178502229347,19.746529543470217,22.868035431182914,24.48485668838393,39.73401976113468,19.49799895999614,44.84763643897115,16.9240184035397,11.388234644173389,33.004821943589825,35.92315457039154,31.992718749751102,120.74982444907788,33.87065964229614,24.04852471725807,38.920678285683,11.330671953961422,34.899877629162276,0.0,25.043056577143265,38.63250072417076,38.54431278310804,37.02493699645177,25.35831496991888,19.11089246480299,34.84079350759669,25.508471421321516,28.64885802395908,31.211158224193664,24.56971084776339,39.63701019689189,30.621944461236687,29.95759800700397
SMIN.L,29.87694035777831,10.910907138454911,17.756183460716944,9.663749066074292,9.540257356333143,5.291932096500882,6.148111694932008,5.992989320985376,12.112858908566203,12.387706660023188,44.28755695546787,39.44356436320848,18.64829653895387,5.419140380135588,12.242670757787092,23.798211476774565,82.97537576709342,11.27547645069652,12.716127402190029,9.23911494802088,21.683289305346452,16.435346241234797,7.66434325271342,15.954019645805081,13.310354726017877,5.237589650731036,51.703100960130854,17.575243182304646,18.675062770442594,5.709880900362201,9.731247335976564,14.078092522843681,18.715945396416192,18.949115743238316,17.994004409721256,5.4147516852401,4.754756372558746,17.225594278991913,7.8196200433411365,23.810013956295144,6.896599645576567,6.246890762129596,22.507210584622165,3.9731776437358586,7.230432862338954,16.370872176827504,8.505107689211474,6.666388368396259,16.64416884153495,40.44506408907824,10.128661400073197,11.177911717413862,8.614565588957639,12.912812538942758,16.583847410794874,9.318194129783175,9.73064553072242,9.247089557250616,17.387156447504463,12.315243223550354,8.33304162624023,31.854504994924607,16.134750166027654,4.444554763157661,8.581044705356794,6.463280755861684,30.655542590262254,7.965768534591624,6.958211574793992,16.24493021304374,7.76914356801654,21.402754087262352,11.163077829718043,18.45761797716523,10.551598430977394,12.679095397874956,8.724291423941917,134.29795825831243,12.787431814204902,5.917792281125183,15.815974954164398,19.536404885443535,14.317257602093227,25.043056577143265,2.0230487285229133e-06,14.705755073468957,14.574561347005652,15.999314444536612,5.599724819203315,25.91676497438853,13.129266665034637,7.137346683021092,5.518935432806655,7.930708723027114,5.475893636123249,16.51960720273763,6.294849960268026,8.62469666918159
SMT.L,42.41468554474536,12.35118898748299,6.27363826730587,9.068176755190112,6.276869500098692,16.780201349122848,15.901868261523257,14.944744757918333,25.576466593779813,25.41068528208568,58.01097594683206,51.439797550687516,30.395972758601935,14.038593181546672,9.837693203386571,37.509039734492305,96.14123419960308,8.199639895540207,6.694206226278548,15.884805683099795,34.347411919564735,12.693626189090171,13.985276635719174,5.528558858297227,26.41264714171357,14.159440937221468,65.65719662669481,31.181146494723475,10.925562517705334,14.294743537781635,9.071279416911853,13.782115403678247,31.5663682887683,9.441594468028008,9.604844376074038,13.287167478329573,17.327152837530118,13.201128895568987,10.937120985797808,34.57059755727651,13.175758739596088,9.393010265483296,36.3824844230834,13.84684768837815,13.124104883335733,27.122270137536788,11.147873839546461,9.213567319072492,29.266906351787547,53.0441005345413,23.668064866400748,23.51451027474417,21.96185360150572,4.655368599411226,8.979522383824452,8.714453577866081,9.477415620093359,8.162849408718149,30.424758204424652,6.496403864158061,10.445053411359215,43.83827153371545,7.176533801489031,12.372037833758117,16.404117958456432,15.674798862116372,43.53650656752566,19.269775738812978,17.225754343030392,6.431932860311552,20.49131105774028,8.087847542231014,23.759310515989785,31.349897504381172,8.508584267615023,7.152585440887685,7.742726031268896,145.68382864179,9.879093505636225,15.59267173867324,5.766430680035697,32.38302597123808,8.728420519925745,38.63250072417077,14.705755073468957,2.431401974483864e-06,5.271924229454736,8.973609129665245,14.35734606972215,39.136900239974764,10.018115657058788,14.492848147100156,12.178737012567588,8.995004273485959,14.739514040575454,6.777446081317955,9.885008512816263,10.785568312999425
SN.L,43.064766698403844,11.920647423192625,4.108903051755648,8.158272109974103,7.234674952058842,17.128847230550406,16.1106946970026,15.242111563310338,26.11537978588331,25.09187638462422,58.494713260436335,52.61891463805055,31.822815756834828,13.676415895277623,10.454769961616364,37.88215140912677,96.97245604626588,6.745797345015505,6.212207637378839,15.166044221695131,33.853819022334875,10.161371884783112,14.375797721691763,4.962024942312532,26.604687603679857,15.021662546971584,65.80454199493434,31.41053233275507,10.219975957202625,14.051100762064754,9.251601353282107,12.537022301624482,32.5716679430343,7.271800630508414,8.958023318723782,13.875355708132872,17.688616527405717,13.19968942018346,11.518740290630076,33.98942114489172,12.71006572637897,10.522347433954472,36.85246534167885,13.066533396752442,13.973888035249702,28.45745488691023,12.960084915975866,9.594473450258938,30.04612480096555,54.05657284381639,24.0706315695549,24.402144518588234,21.857885843293474,3.5067840761897537,8.092126372389954,9.432378004723514,8.69268662162919,7.8165934810108295,31.315832771294193,6.3169087265782276,9.963595954369563,45.07576025917577,5.934760607256192,12.185030733229864,16.360194718137834,15.067578232498649,44.60780064902331,20.370899916494455,18.445330190770502,4.623480438947003,21.082332014982793,7.884639442398357,23.948244598982956,31.90671822574639,6.58215803140959,4.249115433093162,8.211524487741427,147.12403584862867,7.995996603205114,15.832954923048623,4.107426904948776,32.99115098993099,9.095251641195256,38.54431278310804,14.574561347005652,5.271924229454736,8.259061849445711e-07,8.366185301676975,13.664140530232824,39.78916426671329,10.669517191159688,14.129165156868671,12.428799724954263,7.993708413975175,14.596584874604508,4.9433492334419515,9.748701120903197,9.801588442826128
SPX.L,42.6211963123907,9.91158575363038,9.09185218517474,10.803486423300637,10.231425513828931,16.901491012026533,17.674793527156673,15.644420950287971,25.80716338681665,23.83575258933154,58.80214354869885,54.19303102833235,32.92602246464323,14.562825725917984,7.179945776135265,37.82769568374283,97.78105607028058,7.8738178580865625,6.224369816923813,13.671207568311099,31.23224567327354,7.231417319569751,14.30884203031236,6.624816617806804,25.739390177351012,17.211526037862686,65.06858351658958,31.058193711314782,3.598415267415077,13.879471467362814,8.392659251432752,7.192932644322678,32.57027372989181,14.459626150284288,4.71004395623908,14.333315424494547,17.631974459369356,19.116712636912993,15.5070290087914,30.194838237282397,11.912957308245854,11.98524829911873,37.100531856221394,14.629013752570108,13.20753108129112,30.67320708874308,13.642626747804607,12.688948919579166,30.781908221107045,55.070306554615414,25.002926143252314,23.706892769091816,22.159990083005535,8.351900046189073,4.348382285507015,9.04398656316236,7.594791938325226,7.49920851514047,31.31426307862098,6.247599068366233,13.015443553728721,45.38792333870128,4.951956321311604,12.74669111649177,18.362278998228703,13.860675532842398,45.03565379322401,21.836655896373486,20.23959982512497,6.714324328702006,21.502898999939834,10.559409329789656,23.864020097917454,31.490841118951597,7.869201933095239,7.161847416203182,9.691688414451592,149.35711291382955,5.604294401940059,14.955920764008072,5.211092939658636,32.27691990538641,5.193312866468435,37.02493699645177,15.999314444536612,8.973609129665245,8.366185301676975,0.0,13.337257802280371,41.10280626247327,9.237503958937475,12.376487912261947,15.601602485312663,10.622590952890501,13.656215657795109,7.477512799205059,13.433278534537976,9.566065920249105
SSE.L,31.67837374502052,8.575378013961021,16.869836866795584,8.725767555290204,9.681316472337711,5.704972438203808,8.225269306377687,5.8240037050743485,14.104416952694466,11.944955030688357,46.48882947158824,42.89132315159267,22.04324158645456,6.171311292691461,9.474873489224871,25.666142290093802,85.69963128222146,9.066871569555596,10.558592068147378,5.866819675922286,21.057616378248767,14.377046574438658,7.673186046685239,14.338865902450364,13.935828115506164,8.815511947803053,53.13856506782685,18.95580415582073,15.698755550131265,4.8082788191831805,7.5051564073241,10.282110173930288,20.88815227351179,18.879129469623482,15.797189716293332,5.541772011338112,6.147808165449717,19.04465815327997,10.3493665558185,21.70941667044021,3.8520227048783333,7.066155581461669,24.88340024612403,4.639574513815725,6.069380502445402,20.765376398986064,8.833732958073357,7.744078034390013,18.967323280286514,43.14334476342182,13.133678946983833,12.949451847496215,9.975490400028086,11.99740186956191,13.996902156594967,7.944236795155979,6.9500083335345355,7.410818344315671,19.827676373917964,10.15841892501041,8.222575883317052,33.86583327430426,13.963112597425093,4.386493110906172,10.26483708033654,3.352700491908585,33.3416257643382,11.21880577642989,10.36405122867319,15.034698868403035,9.998547250280843,20.02443197599208,12.49948121670016,19.70365047706421,8.654751856785037,11.216767076206288,8.246114278500341,137.7934361404162,9.947700135477442,5.269818623817435,14.13707161246422,20.880669569240613,11.355098529742637,25.35831496991888,5.599724819203315,14.35734606972215,13.664140530232824,13.337257802280371,0.0,29.148666614894623,12.334839152093586,3.5846927837223324,7.661672875857857,7.121480525003448,3.0270003549260633,14.956111792476088,8.052931045890876,6.666795773787634
STAN.L,14.717113947687567,33.98967298271876,42.792253244937555,34.58274079321534,34.283955514038766,25.589002797847005,25.75691953206105,28.025213694874427,17.219412188514937,21.614969539836597,23.066459443294764,17.59024065461484,11.045524710592545,27.99977234177363,36.29013267444284,13.101793427311485,58.569735519184114,36.759802972299475,37.903444673095024,31.266497942407597,23.80138995818246,40.80938726751392,28.99727210968755,41.32608810759711,19.953271553313193,26.220192378208203,32.32213575150456,16.109531634994962,43.57951666422195,29.081508700445305,34.555791592454824,37.901977923721084,13.322391507456794,42.5817533495303,42.734802881309484,28.58409223431555,24.339926250408038,36.50776180690152,29.857160325051055,29.433904399587497,30.62770721377119,30.464273531407603,8.157235486268952,28.25468587263634,29.849928755929486,14.772819249492098,30.75349161165907,31.016140706252237,15.298518551262392,20.81517766279339,17.26640310555193,19.579385168529754,21.52520098258399,38.15596885082718,41.70017907857941,33.70267329697878,34.907831521378384,34.648000195225904,12.41655548391637,37.496051070378805,32.49062762238883,17.73590649068982,41.702548784108,29.187692911166106,27.878077406752205,28.758223511418063,9.14518024831961,21.357858247894683,23.007683629542,41.291809260998356,21.39972949166771,46.368623714459865,21.276487053974957,17.75892167622271,35.940147374089186,38.038408746838584,33.704553039088715,109.97113256609575,37.82126385242621,27.312592560148975,41.225279027780985,17.81195793253926,38.93967363033262,19.11089246480299,25.91676497438853,39.136900239974764,39.78916426671329,41.10280626247327,29.148666614894623,1.3486991523486091e-06,35.95249161138971,30.056994076297542,28.367923006542387,33.21217547313482,28.42835502368822,41.514155009246565,30.65361258275533,33.61543606361746
STJ.L,37.239422161638885,7.971149777301134,11.946384546947623,12.80847449903556,9.802024882560342,15.332855859230074,15.70880783672978,14.612038765407197,21.907059093552764,21.788911801178767,55.027336917990525,48.84893802528572,27.402329393566657,10.500227320798809,8.064120511354663,34.231785206119866,93.37708573313864,11.556455846731714,8.451801974123823,14.683207749855828,29.916436614192463,10.420468902363016,9.515530908304457,11.000619528925235,23.546278452634443,14.040738735590805,62.09345263004998,28.180739957836785,10.46337963188549,13.456354939626586,9.841734837316807,10.605822661642964,28.828746471042155,15.858606157881333,8.6535531950153,13.194063876911578,15.227149710257978,16.11457992097609,13.09472727487837,29.491301774261327,11.658189339423648,9.242597948600444,32.919293254215575,13.503251045286081,12.567193754490784,25.082410662052215,12.66065292759264,10.365147332356715,27.994044944454586,51.27867658518158,20.745855449851284,20.35353423083885,20.38836256133527,10.60861637595224,10.522284513702964,7.763493978542972,8.962290252159779,8.257106968364065,26.518319223478258,8.406115291325893,13.314508908435938,41.955020915614696,10.824896378217272,10.802790651015002,18.498070683524244,12.380168168209334,39.6312281767365,18.2559356458505,17.206033604659957,9.352136435173014,19.34377875008416,14.28235752690606,21.643383115959555,29.18407987768676,10.045567851141158,9.250731494537549,8.738016498143482,143.8364615550205,9.59317042850995,13.009848780893288,9.39963568128958,30.2239714404023,8.988948507676469,34.84079350759669,13.129266665034637,10.018115657058788,10.669517191159688,9.237503958937475,12.334839152093586,35.95249161138971,1.5078914929239175e-06,10.987267963774647,13.357633903799126,10.889657564231946,11.937809697583608,9.720465924986888,12.017924173998813,11.142927909315313
SVT.L,31.859319712662998,7.03746796251353,17.131540500276497,10.00904891009928,10.17978767268705,6.541211089163343,10.07378906114565,6.658211915639691,14.314381597868529,12.362309365594225,47.11997225986733,43.74610617278985,22.66559336259658,6.332185253833123,7.954030015675316,26.103275036656072,86.57364832416727,9.697662954556735,10.127478511099849,5.706409548764174,20.77589080947687,13.667109779793483,6.561336680215647,14.252742340408624,14.373085813220545,10.05482886135241,53.5991843529762,19.35560112093742,14.487713418959297,5.406709006863788,7.072990797530414,8.508381429910623,21.519360354503473,19.934012589692667,14.732399392428581,6.480485357798197,6.910394923567713,20.341727062542162,11.907542863250335,20.88077283093807,3.974200839999327,7.7016405437247775,25.48530719852849,6.805587462982317,6.271148624562683,21.599844420623345,9.212573323846296,8.81546982959282,19.958285602356778,43.89223623097909,13.850230027644782,13.20339665349735,11.368102807864616,12.41919418411756,13.5009027118916,7.522465612939252,6.426020689621322,7.104136072985286,20.147750678539666,9.710996847161194,9.513765657712876,34.435363233633815,13.60361884845159,5.173207238526558,12.262029030790458,2.3372814160277944,33.737520593009364,12.393115111390323,11.87998876737761,14.930834438801096,11.242856177952355,19.905627882983435,12.886223331591333,20.090184477124485,8.991719780969314,11.385075509283688,8.13557656697678,138.77656159207248,9.747989178916184,5.589597083241105,13.903363895952472,21.238882364455257,10.23286036636232,25.50847142132152,7.137346683021092,14.492848147100156,14.129165156868671,12.376487912261947,3.5846927837223324,30.056994076297546,10.987267963774647,6.743495761743046e-07,9.417933337997738,8.256753447077646,2.2860564052686017,14.691191470016854,9.670069472465146,7.122422631435006
TSCO.L,32.859617803504214,12.015507072615476,15.703184395626137,8.200159132224831,7.562136837044643,8.190836785131372,7.733534084881745,6.857898680081331,15.880278071461703,16.148380008459473,46.98463978888665,41.37544495396592,20.773056228309297,7.568162602328649,12.046611287729442,26.767189784717594,85.30499793828851,10.037812160511658,11.487098655048166,10.502458859954132,25.851619887241437,17.108045492241157,9.263157572160114,14.203714180649715,16.861478914343927,5.917102485214999,54.828413492394844,20.744717216500383,18.192892616783514,8.201311162456111,9.39397866977202,15.218383944399035,21.449157218116227,15.969022422999544,17.52630505055311,5.861613908412389,8.247663142742466,14.719614677643573,5.73892024383713,27.707313501398637,8.104604464010013,5.408364596635367,25.551993327087526,5.288501976292753,8.115011300499418,17.970630166034354,7.688263478933429,4.983002253862447,18.64967734671315,42.246865288925285,13.108535044802505,14.61638370831103,11.662083245935431,10.56415369291553,15.728738480461198,9.294488528064608,9.611244718550754,8.999209496409835,20.610603019095628,10.81307036760646,6.182144462661589,33.506257415487525,14.9565610510982,6.509067065691004,8.532396738667597,9.208056495131183,33.286123484396676,9.595795733203335,7.385572720972638,14.987537327780231,10.450807194135916,19.051131818511152,14.449166927856652,21.08695738223042,9.988885300237834,11.413305250574778,7.31021248745834,135.5903414006816,12.595946483482242,8.646363281785094,14.377720207731802,22.416851307982068,13.423011172533755,28.648858023959075,5.518935432806655,12.178737012567588,12.428799724954263,15.601602485312663,7.661672875857857,28.367923006542384,13.357633903799126,9.417933337997738,0.0,6.602849068647632,8.2140471190946,14.878537770242986,4.11751899069344,9.03678181529596
ULVR.L,37.157710322314394,9.299173249153418,11.361986684827395,4.563511567294745,5.186775299696263,9.86706343651671,10.427255434513928,8.07220334375247,19.220362976414897,17.94240267143763,51.30987997182701,46.703632397449724,25.58952105365923,8.249049700294124,9.063050436789188,30.33604991338563,90.1711990867321,4.8460880845488665,6.958271794881732,8.65523969177688,27.03966392688578,12.082268866578783,9.820024333860395,9.367160615151283,19.26417189942248,8.841905304573004,58.54983640017454,23.868647257802078,13.156222730505917,7.234505478033525,5.850982538119709,10.647833954125238,25.536169272372977,13.16794945664701,12.793171666666924,6.796683138374129,10.41625896484254,15.395583648171481,7.287861270240658,27.89513733607098,7.076141181343983,5.699201474818999,29.7999359813055,6.204302120527958,8.071891469472387,22.874751244174437,8.012868937092719,4.302140042440512,22.80445848152591,46.90870033786296,16.968981710820348,17.72630334837942,14.545129451904286,6.167542337773951,10.737733228761865,6.106973549652352,5.611300300831055,4.724634858055297,24.622657999430487,6.6982313452888596,3.8919091436854085,37.91011896314013,9.516205167751144,6.425887788619351,10.65288134884459,8.93070819366644,37.806460976493774,13.92506271333994,12.298718886177037,10.389082832380181,14.03283775965405,14.734154077006066,16.43764940008916,24.34934019871435,4.957475410084238,6.539374165332641,4.427321922028878,141.1497223963055,7.509201611316645,9.649018892761816,9.51486668622986,25.603831995559606,9.551697245069581,31.211158224193664,7.930708723027114,8.995004273485959,7.993708413975175,10.622590952890501,7.121480525003448,33.21217547313482,10.889657564231946,8.256753447077646,6.602849068647632,1.3486991523486091e-06,8.177205300469213,10.439409832879676,4.508615602911283,5.383004452154185
UU.L,30.744252210150027,8.268975571080384,17.70484157080677,9.677260518106342,9.914084928958685,4.814623632979182,8.423454968502671,5.370076253858173,12.81258219237498,11.472648118192764,45.62914769622075,41.99614359054425,21.022709742760362,5.879046775262975,9.108792350122375,24.83698627012262,84.94288168855749,10.08885613632792,11.022868613630754,6.148099213713232,20.271067600769783,14.894164741954032,6.40424687085227,14.920491509320378,13.063146586229735,8.495041265861115,52.32953583632997,18.043422832012652,16.018849937698104,4.420221041368002,7.547652284677088,10.3270169612183,19.89455389748893,20.08551234019549,16.023844053689885,5.365831539922293,5.181107341624422,19.844469438123976,10.820213604524834,21.017556172989245,4.039962184191457,7.053547296283635,23.976890621214935,5.634039585275362,5.4498328645510075,19.825602160826044,8.351518827283904,8.209502020982898,18.236738060794213,42.268465146368264,12.272138534489928,11.649454635050308,9.669938427095651,12.771436679439763,14.585379695985065,7.847927901689747,7.3274410725099095,7.699830516541427,18.680358980550217,10.569697867859134,9.097003381705433,32.900614418450814,14.568367505420241,4.096331310938092,10.683606665827249,2.3293301131819,32.311608148653455,10.419957200587833,9.962994503029922,15.681060437429148,9.358775007198997,20.657274849708205,11.53650347601936,18.740055687700515,9.51754430145397,12.07515942363389,8.279357425673718,137.00402718135527,10.8901784385152,4.272703573245096,14.770939234653397,19.816088714121676,11.46172539031382,24.569710847763385,5.475893636123249,14.739514040575454,14.596584874604508,13.656215657795109,3.0270003549260633,28.428355023688216,11.937809697583608,2.2860564052686017,8.2140471190946,8.177205300469213,0.0,15.58080519265193,8.776665722677876,7.205484531198711
VOD.L,43.636822698883485,10.98752924499653,5.608329906053594,10.93360223567404,9.549874489349278,18.754392534494936,18.171963565365783,17.092262585711413,27.318100270061006,26.24892105981546,60.28549423282735,54.39346745409344,33.28486998268345,14.314568785413329,9.63680110773313,39.43433863881491,99.04420335630613,8.857208342198751,5.775288173495473,16.357328752606495,34.614646909273276,9.568139958713727,14.648199345538893,5.619439399010908,28.111259852926274,17.367385668309577,67.44623589969467,32.99804487832197,8.093389909767899,15.654920520436452,9.944798788929598,11.542648989249166,34.28356393786638,9.396050481148515,7.109862058300255,15.84296077544843,19.254191906001903,14.97364875812914,14.581766354889343,33.94874194178584,13.574190880260522,12.391916514452694,38.408857747061724,15.32865524326954,15.518420163849024,30.428136175705138,14.735610261042904,11.643673784393343,32.06268681017975,56.26076092332055,25.66634254747583,25.955417542903728,23.8428980661171,6.1631671769389715,8.029887481714727,10.267089648794734,9.140820027457982,8.60718153645645,32.58297618781257,6.229635470681955,12.584832470263782,47.00396888920255,5.275579471372911,13.623052065291708,19.365477901136998,15.840054606096999,45.95978279583735,22.374528902874946,20.628291200550624,4.66669410151824,22.96262062200127,6.808535823980923,25.523529925389262,33.595882513299635,7.983787111115966,5.445675228610895,9.833126609921578,149.29515779965334,8.575742919396955,17.360185728409252,3.7227649689557145,34.76756135046511,7.9959252002590775,39.637010196891886,16.51960720273763,6.777446081317955,4.9433492334419515,7.477512799205059,14.956111792476088,41.514155009246565,9.720465924986888,14.691191470016854,14.878537770242986,10.439409832879676,15.58080519265193,0.0,12.575000266670045,11.631174449955575
WEIR.L,35.24088748339721,10.95445110484317,12.849241746627465,5.868106652119138,5.532459673908148,9.44907827206033,8.098860122878397,8.20021470911739,17.854236453454675,17.80749402842446,49.39034400902992,43.75122162982068,23.063829137541703,8.113314887115221,11.168428804811617,29.026453484912587,87.6540293797788,7.831137111702325,9.543207355193237,10.758753373366723,27.127208168197992,14.50807754584253,9.953297814027279,11.675054807426225,18.656397662644007,6.763382078166517,57.04943404932073,22.88340762219438,16.173447764143447,7.8768371133727655,8.024251706768553,13.896720087213126,23.78822097361006,13.449517920173802,15.240184135350114,6.787912387871269,9.683582856400571,13.368468009867886,4.4374561547263065,28.729869307837735,8.200605602121165,4.863746097924271,27.864817826884746,5.53426423754047,8.41912982234998,19.780225892912704,7.645349472188396,3.6758648840289396,20.90268905670569,44.75818910301862,15.319568658905986,16.332247747811454,13.398063487930958,7.998370329676142,13.491542621111488,7.7461482281265805,8.17410460414586,7.101256240898072,22.77424244335305,9.176960600106652,4.871945992496574,36.1320671060574,12.478728568012501,6.181110470524393,8.885486891369409,9.7862059697371,35.69191099302791,11.61086914329777,9.59190684421024,12.178956205872453,12.35850619032485,16.584860417246578,15.848729305701015,23.363517227719342,7.425985544110216,8.932339307950652,5.9975418457795975,138.07353761806118,10.579323260165422,9.424293796933219,11.77932497337482,24.43384640821153,12.123687944865784,30.621944461236687,6.294849960268026,9.885008512816263,9.748701120903197,13.433278534537976,8.052931045890876,30.65361258275533,12.017924173998813,9.670069472465146,4.11751899069344,4.508615602911283,8.776665722677876,12.575000266670045,0.0,7.341195906783459
WTB.L,36.81983984090935,9.03907527540171,12.551279311682324,5.109363533573032,6.770016925894697,9.301792957402414,10.675751754508187,8.168419127070244,18.751690032130146,17.06921549813099,50.94876657415033,47.03913853998477,26.21763669616428,9.520016028876265,7.830057076489834,30.400432679114314,90.01873037783271,5.238498875025003,7.696335549085378,7.662435243212668,25.06144887807038,10.873390197510345,10.011422683487561,9.771865116610158,18.202340295556144,10.353059940995854,57.29743033438519,23.27231373467378,12.424449920299825,6.99636340947168,4.854412303113537,8.71459324631287,25.149111508193425,15.693068834565633,11.99294196665084,7.476145820028488,10.32713528780254,18.222512076480935,9.814873961850626,25.704868049739325,6.391301664040238,7.260192556910365,29.45810463938894,7.135223278672906,6.893898718368322,23.615274319447856,8.350117023469965,7.72776636109891,22.75137427493495,46.99068666116535,17.760997598095003,16.775037945141282,13.858526131907288,8.194497416336699,9.606277649753437,6.3167828239652835,4.724077580628011,4.73331926854077,24.51806101471059,7.346550356051191,6.974180788103298,37.60372820266983,9.617917656538326,5.97525392329631,10.217341206958213,7.761093333457119,38.13309354794125,14.387753210402664,13.115668090740428,10.943242302149477,13.879946325287479,15.84106245664463,16.27418549189638,23.786571205351642,5.4052374668519985,7.750167741492265,6.154358820649064,141.76106355567592,6.730717145746318,7.907632923876516,9.952142929630725,24.56342598404226,8.833777985657825,29.957598007003973,8.62469666918159,10.785568312999425,9.801588442826128,9.566065920249105,6.666795773787634,33.61543606361746,11.142927909315313,7.122422631435006,9.03678181529596,5.383004452154185,7.205484531198711,11.631174449955575,7.341195906783459,9.5367431640625e-07
